pop	chromosome	window_pos_1	window_pos_2	avg_pi	no_sites	count_diffs	count_comparisons	count_missing
common	chrXIX	1	50000	0.0036746053880251	13139	7721	2101178	395232
white	chrXIX	1	50000	0.0034827127805671	13139	8242	2366546	129864
common	chrXIX	50001	100000	0.0052322412945633	19716	16840	3218506	527534
white	chrXIX	50001	100000	0.0053650072535582	19716	18184	3389371	356669
common	chrXIX	100001	150000	0.0042340971732701	27283	19167	4526821	656949
white	chrXIX	100001	150000	0.0040747653282824	27283	19433	4769109	414661
common	chrXIX	150001	200000	0.0045717441783579	23438	17631	3856515	596705
white	chrXIX	150001	200000	0.0050411575157881	23438	20341	4034986	418234
white	chrXIX	200001	250000	0.0032094712460165	23644	13155	4098806	393554
common	chrXIX	200001	250000	0.0034334350367682	23644	13183	3839595	652765
white	chrXIX	250001	300000	0.0064610824249378	23915	27028	4183200	360650
common	chrXIX	250001	300000	0.0066039559141598	23915	25764	3901298	642552
common	chrXIX	300001	350000	0.0050008061130969	21254	17215	3442445	595815
white	chrXIX	300001	350000	0.005119886629912	21254	18758	3663753	374507
white	chrXIX	350001	400000	0.0051962340324933	17270	15463	2975809	305491
common	chrXIX	350001	400000	0.0052981234559959	17270	15154	2860258	421042
common	chrXIX	400001	450000	0.0058513428740182	1597	1595	272587	30843
white	chrXIX	400001	450000	0.0055876866466214	1597	1312	234802	68628
common	chrXIX	450001	500000	0.0043437803444445	6017	4290	987619	155611
white	chrXIX	450001	500000	0.0041790030578071	6017	4305	1030150	113080
common	chrXIX	500001	550000	0.0037734062184464	21486	13547	3590125	492215
white	chrXIX	500001	550000	0.0039054371835885	21486	14452	3700482	381858
common	chrXIX	550001	600000	0.003103708463206	23373	12192	3928204	512666
white	chrXIX	550001	600000	0.0030987248329892	23373	12620	4072643	368227
white	chrXIX	600001	650000	0.002980614269976	17245	9142	3067153	209397
common	chrXIX	600001	650000	0.0030514693411426	17245	8636	2830112	446438
common	chrXIX	650001	700000	0.0060157011076767	8048	8003	1330352	198768
white	chrXIX	650001	700000	0.0056124743062692	8048	7689	1369984	159136
white	chrXIX	700001	750000	0.0035020761588859	22047	13206	3770906	418024
common	chrXIX	700001	750000	0.0036021164351507	22047	13385	3715871	473059
common	chrXIX	750001	800000	0.0045197736663889	20418	14807	3276049	603371
white	chrXIX	750001	800000	0.004551520223497	20418	16191	3557273	322147
white	chrXIX	800001	850000	0.0036724430406062	18984	12065	3285279	321681
common	chrXIX	800001	850000	0.0039106015523161	18984	12462	3186722	420238
common	chrXIX	850001	900000	0.0044647689143846	22586	16665	3732556	558784
white	chrXIX	850001	900000	0.0047334386341034	22586	18577	3924631	366709
common	chrXIX	900001	950000	0.0051797105469583	20981	17776	3431852	554538
white	chrXIX	900001	950000	0.0050923501497848	20981	18301	3593822	392568
common	chrXIX	950001	1000000	0.0058911294155573	14791	14254	2419570	390720
white	chrXIX	950001	1000000	0.0056412578192356	14791	14192	2515751	294539
white	chrXIX	1000001	1050000	0.0058243461495409	20146	20397	3502024	325716
common	chrXIX	1000001	1050000	0.0053294135679952	20146	17628	3307681	520059
white	chrXIX	1050001	1100000	0.0047387037548228	20909	17321	3655219	317491
common	chrXIX	1050001	1100000	0.0050019131485989	20909	17138	3426289	546421
common	chrXIX	1100001	1150000	0.0034747455085051	24421	13852	3986479	653511
white	chrXIX	1100001	1150000	0.0037410578135716	24421	15802	4223939	416051
common	chrXIX	1150001	1200000	0.0027624143025545	19538	8715	3154849	557371
white	chrXIX	1150001	1200000	0.0026146283645517	19538	8912	3408515	303705
white	chrXIX	1200001	1250000	0.004425464104434	23697	18229	4119116	383314
common	chrXIX	1200001	1250000	0.0047072169846727	23697	18249	3876813	625617
white	chrXIX	1250001	1300000	0.004468771770335	22864	17775	3977603	366557
common	chrXIX	1250001	1300000	0.0045200840514615	22864	16770	3710108	634052
common	chrXIX	1300001	1350000	0.0040399292936469	20194	13306	3293622	543238
white	chrXIX	1300001	1350000	0.0043454515639148	20194	15237	3506425	330435
white	chrXIX	1350001	1400000	0.0041252641295732	20390	14609	3541349	332751
common	chrXIX	1350001	1400000	0.004405985084842	20390	14639	3322526	551574
white	chrXIX	1400001	1450000	0.0050550129464386	22880	20128	3981790	365410
common	chrXIX	1400001	1450000	0.0047688058526781	22880	18062	3787531	559669
white	chrXIX	1450001	1500000	0.0044383817850859	24748	19070	4296611	405509
common	chrXIX	1450001	1500000	0.0046987443600547	24748	19093	4063426	638694
white	chrXIX	1500001	1550000	0.0036421449564158	12157	7640	2097665	212165
common	chrXIX	1500001	1550000	0.0034584454706556	12157	6893	1993092	316738
white	chrXIX	1550001	1600000	0.0037489455209318	22773	14621	3900030	426840
common	chrXIX	1550001	1600000	0.0038571322236434	22773	14613	3788566	538304
common	chrXIX	1600001	1650000	0.003437687181489	22543	12787	3719652	563518
white	chrXIX	1600001	1650000	0.0032364693380201	22543	12566	3882626	400544
common	chrXIX	1650001	1700000	0.0041732686466988	19939	13617	3262910	525500
white	chrXIX	1650001	1700000	0.0041606623935486	19939	14269	3429502	358908
common	chrXIX	1700001	1750000	0.0035190372903633	22204	12744	3621445	597315
white	chrXIX	1700001	1750000	0.0029724670878485	22204	11426	3843945	374815
common	chrXIX	1750001	1800000	0.0039414898995435	18711	12045	3055951	499139
white	chrXIX	1750001	1800000	0.0040097290107753	18711	12933	3225405	329685
common	chrXIX	1800001	1850000	0.003403193945366	19811	11131	3270751	493339
white	chrXIX	1800001	1850000	0.0033622029796433	19811	11638	3461421	302669
common	chrXIX	1850001	1900000	0.0060618895550668	14711	14083	2323203	471887
white	chrXIX	1850001	1900000	0.0063234173872718	14711	15913	2516519	278571
common	chrXIX	1900001	1950000	0.0039243664510508	21901	14054	3581215	579975
white	chrXIX	1900001	1950000	0.0038330441224853	21901	14528	3790199	370991
white	chrXIX	1950001	2000000	0.0036534095528099	10504	6786	1857443	138317
common	chrXIX	1950001	2000000	0.003676349639767	10504	6258	1702232	293528
white	chrXIX	2000001	2050000	0.0033910905073849	9560	5702	1681465	134935
common	chrXIX	2000001	2050000	0.0035077224276702	9560	5418	1544592	271808
white	chrXIX	2050001	2100000	0.0044932668370155	17757	13672	3042775	331055
common	chrXIX	2050001	2100000	0.0051883460707601	17757	15095	2909405	464425
white	chrXIX	2100001	2150000	0.0038219856218058	21092	13931	3644964	362516
common	chrXIX	2100001	2150000	0.0036748217426473	21092	12766	3473910	533570
white	chrXIX	2150001	2200000	0.0044539302893915	22680	17210	3864003	445197
common	chrXIX	2150001	2200000	0.0041890960130017	22680	15687	3744722	564478
white	chrXIX	2200001	2250000	0.0049365437065286	22262	19251	3899692	330088
common	chrXIX	2200001	2250000	0.0051491129974043	22262	18717	3634995	594785
white	chrXIX	2250001	2300000	0.0029554728443376	19179	9909	3352763	291247
common	chrXIX	2250001	2300000	0.0030666047163527	19179	9557	3116476	527534
common	chrXIX	2300001	2350000	0.0037071405807697	19527	11865	3200580	509550
white	chrXIX	2300001	2350000	0.0035874932316379	19527	12012	3348299	361831
common	chrXIX	2350001	2400000	0.0021708902914021	15115	5466	2517861	353989
white	chrXIX	2350001	2400000	0.0022136743664484	15115	5717	2582584	289266
white	chrXIX	2400001	2450000	0.0020585194840217	678	229	111245	17575
common	chrXIX	2400001	2450000	0.0020334299780117	678	209	102782	26038
common	chrXIX	2450001	2500000	0.0015690986777495	7155	1708	1088523	270927
white	chrXIX	2450001	2500000	0.0015901357786087	7155	2010	1264043	95407
white	chrXIX	2500001	2550000	0.0007605217466171	3763	477	627201	87769
common	chrXIX	2500001	2550000	0.0008291740976917	3763	517	623512	91458
common	chrXIX	2550001	2600000	0.0017787087481218	26697	7729	4345287	727143
white	chrXIX	2550001	2600000	0.0017007754338799	26697	7842	4610838	461592
white	chrXIX	2600001	2650000	0.0009326822845229	17735	2856	3062136	307514
common	chrXIX	2600001	2650000	0.000859831850495	17735	2487	2892426	477224
white	chrXIX	2650001	2700000	0.0025627502097115	5751	2551	995415	97275
common	chrXIX	2650001	2700000	0.0025290665945957	5751	2433	962015	130675
common	chrXIX	2700001	2750000	0.001430935320316	12947	3050	2131473	328457
white	chrXIX	2700001	2750000	0.0017092647490852	12947	3840	2246580	213350
common	chrXIX	2750001	2800000	0.0030077229179913	21206	10525	3499325	529815
white	chrXIX	2750001	2800000	0.0027998853529604	21206	10179	3635506	393634
white	chrXIX	2800001	2850000	0.0029776794873311	22545	11582	3889606	393944
common	chrXIX	2800001	2850000	0.0029587765684593	22545	10815	3655227	628323
white	chrXIX	2850001	2900000	0.0024903636773488	25731	11114	4462802	426088
common	chrXIX	2850001	2900000	0.002315913497888	25731	9710	4192730	696160
common	chrXIX	2900001	2950000	0.0017236833679979	23687	6649	3857437	643093
white	chrXIX	2900001	2950000	0.0016316454861922	23687	6808	4172475	328055
common	chrXIX	2950001	3000000	0.0018863985728654	21100	6461	3425045	583955
white	chrXIX	2950001	3000000	0.0018634405650735	21100	6755	3625015	383985
common	chrXIX	3000001	3050000	0.0015298228271095	24222	6054	3957321	644859
white	chrXIX	3000001	3050000	0.0017031046093092	24222	7123	4182362	419818
common	chrXIX	3050001	3100000	0.0011427863242226	23173	4297	3760108	642762
white	chrXIX	3050001	3100000	0.0010358586472342	23173	4100	3958069	444801
common	chrXIX	3100001	3150000	0.0009614656303525	24841	3935	4092710	627080
white	chrXIX	3100001	3150000	0.0008826361898085	24841	3787	4290556	429234
white	chrXIX	3150001	3200000	0.001108161277976	26236	5006	4517393	467447
common	chrXIX	3150001	3200000	0.0010077882191356	26236	4313	4279669	705171
common	chrXIX	3200001	3250000	0.0016663395811898	26781	7421	4453474	634916
white	chrXIX	3200001	3250000	0.0016669294271383	26781	7729	4636669	451721
common	chrXIX	3250001	3300000	0.0008527863177645	27951	3986	4674090	636600
white	chrXIX	3250001	3300000	0.0011647687424266	27951	5655	4855041	455649
common	chrXIX	3300001	3350000	0.0013109005961976	25261	5427	4139902	659688
white	chrXIX	3300001	3350000	0.0011758241658522	25261	5183	4407972	391618
common	chrXIX	3350001	3400000	0.0012094147660525	26992	5338	4413705	714775
white	chrXIX	3350001	3400000	0.0012441166064478	26992	5802	4663550	464930
white	chrXIX	3400001	3450000	0.0012660491143753	30716	6748	5329967	506073
common	chrXIX	3400001	3450000	0.001203203872297	30716	6113	5080602	755438
common	chrXIX	3450001	3500000	0.0009231009010357	28023	4217	4568298	756072
white	chrXIX	3450001	3500000	0.0007568227094499	28023	3682	4865076	459294
white	chrXIX	3500001	3550000	0.0008614137422818	28037	4224	4903567	423463
common	chrXIX	3500001	3550000	0.0010048000822485	28037	4613	4590963	736067
common	chrXIX	3550001	3600000	0.0006396165716301	29297	3071	4801314	765116
white	chrXIX	3550001	3600000	0.0005337199890506	29297	2718	5092558	473872
common	chrXIX	3600001	3650000	0.000441684760623	28253	2045	4629999	738071
white	chrXIX	3600001	3650000	0.0003220580285547	28253	1574	4887318	480752
common	chrXIX	3650001	3700000	0.0006109558072734	31247	3176	5198412	738518
white	chrXIX	3650001	3700000	0.000616890636787	31247	3316	5375345	561585
white	chrXIX	3700001	3750000	0.0007111329801099	29103	3642	5121405	408165
common	chrXIX	3700001	3750000	0.0005873388786589	29103	2775	4724700	804870
white	chrXIX	3750001	3800000	0.0006631285654042	27005	3123	4709494	421456
common	chrXIX	3750001	3800000	0.0005945645599914	27005	2612	4393131	737819
white	chrXIX	3800001	3850000	0.0009382659845269	28905	4732	5043346	448604
common	chrXIX	3800001	3850000	0.0009366851526032	28905	4398	4695281	796669
white	chrXIX	3850001	3900000	0.0005594439942041	23377	2278	4071900	369730
common	chrXIX	3850001	3900000	0.0006092294938467	23377	2287	3753922	687708
white	chrXIX	3900001	3950000	0.0012917754401012	27522	6217	4812756	416424
common	chrXIX	3900001	3950000	0.0014867210240507	27522	6715	4516651	712529
common	chrXIX	3950001	4000000	0.0016759082928659	15432	4306	2569353	362727
white	chrXIX	3950001	4000000	0.0016103614271074	15432	4301	2670829	261251
common	chrXIX	4000001	4050000	0.0	21	0	2586	1404
white	chrXIX	4000001	4050000	0.0	21	0	3916	74
white	chrXIX	4050001	4100000	NA	0	NA	NA	NA
common	chrXIX	4050001	4100000	NA	0	NA	NA	NA
white	chrXIX	4100001	4150000	0.002519593152011	492	190	75409	18071
common	chrXIX	4100001	4150000	0.0013628579009576	492	113	82914	10566
common	chrXIX	4150001	4200000	0.001749716557995	4137	1159	662393	123637
white	chrXIX	4150001	4200000	0.0015319720760103	4137	1099	717376	68654
white	chrXIX	4200001	4250000	0.0009275484504289	28456	4612	4972247	434393
common	chrXIX	4200001	4250000	0.0009272806083406	28456	4332	4671725	734915
white	chrXIX	4250001	4300000	0.0003734690207065	30388	1954	5232027	541693
common	chrXIX	4250001	4300000	0.0003240974226462	30388	1622	5004668	769052
common	chrXIX	4300001	4350000	0.0007087702000565	28716	3347	4722264	733776
white	chrXIX	4300001	4350000	0.0005877972185014	28716	2959	5034049	421991
common	chrXIX	4350001	4400000	0.00055266709757	26619	2395	4333531	724079
white	chrXIX	4350001	4400000	0.0004668115754588	26619	2162	4631419	426191
common	chrXIX	4400001	4450000	0.0002665735727081	31947	1418	5319357	750573
white	chrXIX	4400001	4450000	0.0002189912606999	31947	1216	5552733	517197
common	chrXIX	4450001	4500000	0.001612792551801	22373	5923	3672512	578358
white	chrXIX	4450001	4500000	0.0015606163919353	22373	6056	3880518	370352
white	chrXIX	4500001	4550000	0.0002705656403235	30195	1403	5185433	551617
common	chrXIX	4500001	4550000	0.0003738601351505	30195	1853	4956399	780651
white	chrXIX	4550001	4600000	0.0003085803528554	26567	1408	4562831	484899
common	chrXIX	4550001	4600000	0.0004236588342156	26567	1847	4359640	688090
common	chrXIX	4600001	4650000	0.0003811721896246	27975	1746	4580607	734643
white	chrXIX	4600001	4650000	0.0003795887218768	27975	1820	4794663	520587
common	chrXIX	4650001	4700000	0.0010473203499573	26835	4646	4436083	662567
white	chrXIX	4650001	4700000	0.0008429144756037	26835	3903	4630363	468287
white	chrXIX	4700001	4750000	0.0018731560906563	17005	5492	2931950	299000
common	chrXIX	4700001	4750000	0.0022011230118274	17005	6216	2824013	406937
common	chrXIX	4750001	4800000	0.0006104667057634	28466	2847	4663645	744895
white	chrXIX	4750001	4800000	0.0004822860195212	28466	2380	4934831	473709
white	chrXIX	4800001	4850000	0.0005909091549365	24561	2517	4259538	407052
common	chrXIX	4800001	4850000	0.0006348975955474	24561	2537	3995920	670670
common	chrXIX	4850001	4900000	0.0007895551530722	25231	3239	4102310	691580
white	chrXIX	4850001	4900000	0.0007212915409552	25231	3177	4404599	389291
common	chrXIX	4900001	4950000	0.0007689705669161	26043	3294	4283649	664521
white	chrXIX	4900001	4950000	0.0007694365505385	26043	3509	4560480	387690
common	chrXIX	4950001	5000000	0.0006819207778904	24899	2778	4073787	657023
white	chrXIX	4950001	5000000	0.0005327459911319	24899	2338	4388583	342227
common	chrXIX	5000001	5050000	0.0006137181857789	29648	2944	4796990	836130
white	chrXIX	5000001	5050000	0.0005595870060024	29648	2919	5216347	416773
white	chrXIX	5050001	5100000	0.0006638988179714	26592	3036	4572986	479494
common	chrXIX	5050001	5100000	0.0005884796375169	26592	2543	4321305	731175
common	chrXIX	5100001	5150000	0.0006538618074207	23836	2495	3815791	713049
white	chrXIX	5100001	5150000	0.0006487507106965	23836	2702	4164928	363912
common	chrXIX	5150001	5200000	0.0007303082569403	26200	3146	4307770	670230
white	chrXIX	5150001	5200000	0.0006332491673987	26200	2843	4489544	488456
white	chrXIX	5200001	5250000	0.000565829633678	26233	2522	4457172	527098
common	chrXIX	5200001	5250000	0.0008358966879074	26233	3599	4305556	678714
common	chrXIX	5250001	5300000	0.0007714295792933	31109	4002	5187771	722939
white	chrXIX	5250001	5300000	0.0007040931106655	31109	3802	5399854	510856
common	chrXIX	5300001	5350000	0.0012949959393617	27045	5699	4400786	737764
white	chrXIX	5300001	5350000	0.0011681760723752	27045	5518	4723603	414947
white	chrXIX	5350001	5400000	0.0009125761307973	25030	3950	4328406	427294
common	chrXIX	5350001	5400000	0.0009598219608936	25030	3904	4067421	688279
white	chrXIX	5400001	5450000	0.0013066229141096	26705	6101	4669289	404661
common	chrXIX	5400001	5450000	0.0012906168219875	26705	5671	4394023	679927
white	chrXIX	5450001	5500000	0.0010335527488006	27556	4919	4759312	476328
common	chrXIX	5450001	5500000	0.0009486777720548	27556	4286	4517867	717773
common	chrXIX	5500001	5550000	0.0009235609786919	28461	4312	4668885	738705
white	chrXIX	5500001	5550000	0.0008646321325318	28461	4271	4939673	467917
common	chrXIX	5550001	5600000	0.000885557944315	29717	4344	4905382	740848
white	chrXIX	5550001	5600000	0.0007615372208846	29717	3919	5146170	500060
common	chrXIX	5600001	5650000	0.0011992224404594	24034	4741	3953395	613065
white	chrXIX	5600001	5650000	0.0011751763596144	24034	4946	4208730	357730
common	chrXIX	5650001	5700000	0.0008143132204908	26414	3520	4322661	695999
white	chrXIX	5650001	5700000	0.0007053389534671	26414	3249	4606296	412364
common	chrXIX	5700001	5750000	0.0010461363596677	22940	3954	3779622	578978
white	chrXIX	5700001	5750000	0.0010360532944	22940	4113	3969873	388727
common	chrXIX	5750001	5800000	0.0005888034893303	22668	2242	3807722	499198
white	chrXIX	5750001	5800000	0.0005185491940109	22668	2016	3887770	419150
common	chrXIX	5800001	5850000	0.0004115770158447	24179	1632	3965236	628774
white	chrXIX	5800001	5850000	0.0004502046706963	24179	1906	4233630	360380
white	chrXIX	5850001	5900000	0.0009414086662145	25749	4228	4491142	401168
common	chrXIX	5850001	5900000	0.0009931098754077	25749	4237	4266396	625914
common	chrXIX	5900001	5950000	0.0010260991922817	28634	4826	4703249	737211
white	chrXIX	5900001	5950000	0.00095800615247	28634	4747	4955083	485377
common	chrXIX	5950001	6000000	0.0030443423646088	26109	12985	4265289	695421
white	chrXIX	5950001	6000000	0.0026657470395842	26109	12136	4552570	408140
common	chrXIX	6000001	6050000	0.0019927586847299	22466	7275	3650718	617822
white	chrXIX	6000001	6050000	0.0017177222676728	22466	6639	3865002	403538
white	chrXIX	6050001	6100000	0.0015055391501873	28785	7565	5024778	444372
common	chrXIX	6050001	6100000	0.0015147974507595	28785	7137	4711521	757629
common	chrXIX	6100001	6150000	0.0014419988081027	27166	6446	4470184	691356
white	chrXIX	6100001	6150000	0.0015339172065468	27166	7332	4779919	381621
common	chrXIX	6150001	6200000	0.0022343931558378	16358	6013	2691111	416909
white	chrXIX	6150001	6200000	0.0022069416309953	16358	6307	2857801	250219
common	chrXIX	6200001	6250000	0.0016640558333342	27500	7420	4458985	766015
white	chrXIX	6200001	6250000	0.0016385418970986	27500	7807	4764602	460398
common	chrXIX	6250001	6300000	0.00148884581341	23345	5756	3866082	569468
white	chrXIX	6250001	6300000	0.0014977121327619	23345	6020	4019464	416086
common	chrXIX	6300001	6350000	0.0015370980182745	20008	4974	3235968	565552
white	chrXIX	6300001	6350000	0.0015979936564136	20008	5416	3389250	412270
common	chrXIX	6350001	6400000	0.0014027316352897	25860	5909	4212495	700905
white	chrXIX	6350001	6400000	0.0012443024105997	25860	5599	4499710	413690
common	chrXIX	6400001	6450000	0.0020835690710681	22968	7881	3782452	581468
white	chrXIX	6400001	6450000	0.0020783252247546	22968	8152	3922389	441531
common	chrXIX	6450001	6500000	0.0017771278710751	27644	8179	4602370	649990
white	chrXIX	6450001	6500000	0.001776318556996	27644	8572	4825711	426649
white	chrXIX	6500001	6550000	0.0011842491361802	28093	5747	4852864	484806
common	chrXIX	6500001	6550000	0.0012994447121526	28093	6027	4638135	699535
white	chrXIX	6550001	6600000	0.0012493829466337	29863	6502	5204169	469801
common	chrXIX	6550001	6600000	0.0011878907091494	29863	5812	4892706	781264
common	chrXIX	6600001	6650000	0.001029947710347	21164	3549	3445806	575354
white	chrXIX	6600001	6650000	0.0009354488420612	21164	3426	3662413	358747
common	chrXIX	6650001	6700000	0.000921679570844	27552	4168	4522179	712701
white	chrXIX	6650001	6700000	0.0009082071542482	27552	4376	4818284	416596
white	chrXIX	6700001	6750000	0.0008819133265585	22337	3421	3879066	364964
common	chrXIX	6700001	6750000	0.0009760392262251	22337	3552	3639198	604832
white	chrXIX	6750001	6800000	0.0012648528475377	26292	5860	4632950	362530
common	chrXIX	6750001	6800000	0.0012138258780347	26292	5233	4311162	684318
common	chrXIX	6800001	6850000	0.0017720793837213	27854	8086	4563001	729259
white	chrXIX	6800001	6850000	0.0017746194334882	27854	8649	4873721	418539
common	chrXIX	6850001	6900000	0.0021952727713957	25269	9028	4112473	688637
white	chrXIX	6850001	6900000	0.0024945438950683	25269	10982	4402408	398702
white	chrXIX	6900001	6950000	0.0011403784895181	28403	5695	4993956	402614
common	chrXIX	6900001	6950000	0.00122859981247	28403	5726	4660590	735980
common	chrXIX	6950001	7000000	0.0019609996183378	27523	8858	4517084	712286
white	chrXIX	6950001	7000000	0.001827192462589	27523	8682	4751552	477818
common	chrXIX	7000001	7050000	0.0020499670908293	26500	8970	4375680	659320
white	chrXIX	7000001	7050000	0.0020928207657797	26500	9648	4610046	424954
common	chrXIX	7050001	7100000	0.0017646783639775	24330	7054	3997329	625371
white	chrXIX	7050001	7100000	0.0018006333606567	24330	7572	4205187	417513
white	chrXIX	7100001	7150000	0.0011239395859096	24655	4808	4277810	406640
common	chrXIX	7100001	7150000	0.0010345803065955	24655	4118	3980358	704092
common	chrXIX	7150001	7200000	0.0012057867174808	25508	5011	4155793	690727
white	chrXIX	7150001	7200000	0.0012256503636971	25508	5411	4414799	431721
common	chrXIX	7200001	7250000	0.0006173924591246	26873	2729	4420203	685667
white	chrXIX	7200001	7250000	0.0008715346377722	26873	4069	4668776	437094
white	chrXIX	7250001	7300000	0.0015690575885339	29450	8111	5169345	426155
common	chrXIX	7250001	7300000	0.0013561884528379	29450	6455	4759663	835837
white	chrXIX	7300001	7350000	0.0010509368147544	27550	5017	4773836	460664
common	chrXIX	7300001	7350000	0.0010301504303685	27550	4642	4506138	728362
common	chrXIX	7350001	7400000	0.0007477953390984	28353	3500	4680425	706645
white	chrXIX	7350001	7400000	0.0009190289185192	28353	4522	4920411	466659
white	chrXIX	7400001	7450000	0.0014244712459526	29482	7329	5145067	456513
common	chrXIX	7400001	7450000	0.0012951077090371	29482	6298	4862916	738664
common	chrXIX	7450001	7500000	0.0016745158203657	23300	6265	3741380	685620
white	chrXIX	7450001	7500000	0.0017231894652684	23300	7048	4090090	336910
common	chrXIX	7500001	7550000	0.0010778942700949	29358	5173	4799172	778848
white	chrXIX	7500001	7550000	0.0011139208543745	29358	5682	5100901	477119
common	chrXIX	7550001	7600000	0.0028107799316025	15647	7282	2590740	382190
white	chrXIX	7550001	7600000	0.0030270094982279	15647	8177	2701346	271584
white	chrXIX	7600001	7650000	0.001390616712474	29837	7210	5184750	484280
common	chrXIX	7600001	7650000	0.0013656309086368	29837	6699	4905425	763605
common	chrXIX	7650001	7700000	0.0008817981674949	29690	4379	4965989	675111
white	chrXIX	7650001	7700000	0.0007279139705634	29690	3758	5162698	478402
common	chrXIX	7700001	7750000	0.0012587662833983	26449	5410	4297859	727451
white	chrXIX	7700001	7750000	0.0012284216481983	26449	5708	4646613	378697
common	chrXIX	7750001	7800000	0.0013398846836025	30329	6675	4981772	780738
white	chrXIX	7750001	7800000	0.0014509736677048	30329	7641	5266119	496391
common	chrXIX	7800001	7850000	0.0016021526699445	27885	7239	4518296	779854
white	chrXIX	7800001	7850000	0.0014857345548963	27885	7263	4888491	409659
common	chrXIX	7850001	7900000	0.0019861101878381	25777	8276	4166939	730691
white	chrXIX	7850001	7900000	0.0019035545589701	25777	8631	4534149	363481
common	chrXIX	7900001	7950000	0.0014647676190082	25983	6238	4258696	678074
white	chrXIX	7900001	7950000	0.0014150742295455	25983	6406	4526971	409799
white	chrXIX	7950001	8000000	0.0012431400701816	30558	6556	5273742	532278
common	chrXIX	7950001	8000000	0.0013401050989099	30558	6772	5053335	752685
common	chrXIX	8000001	8050000	0.0014575260370462	28489	6802	4666812	746098
white	chrXIX	8000001	8050000	0.0013380305952313	28489	6680	4992412	420498
common	chrXIX	8050001	8100000	0.0010642891101237	26782	4681	4398241	690339
white	chrXIX	8050001	8100000	0.0011069325661393	26782	5073	4582935	505645
common	chrXIX	8100001	8150000	0.0005132089039619	29981	2535	4939509	756881
white	chrXIX	8100001	8150000	0.0006197005406293	29981	3236	5221877	474513
common	chrXIX	8150001	8200000	0.0008293843939566	25393	3484	4200706	623964
white	chrXIX	8150001	8200000	0.000859404822469	25393	3735	4346031	478639
white	chrXIX	8200001	8250000	0.0006022046153573	26071	2755	4574857	378633
common	chrXIX	8200001	8250000	0.0004677622837348	26071	1951	4170922	782568
white	chrXIX	8250001	8300000	0.000992963174279	28921	4960	4995150	499840
common	chrXIX	8250001	8300000	0.0010199155380461	28921	4821	4726862	768128
common	chrXIX	8300001	8350000	0.0018922528655594	24280	7397	3909097	704103
white	chrXIX	8300001	8350000	0.0018537769712276	24280	7930	4277753	335447
common	chrXIX	8350001	8400000	0.0020882969276072	22953	7786	3728397	632673
white	chrXIX	8350001	8400000	0.0021105340374177	22953	8348	3955397	405673
common	chrXIX	8400001	8450000	0.0020623662564595	21679	7129	3456709	662301
white	chrXIX	8400001	8450000	0.0021701824061399	21679	8225	3790004	329006
common	chrXIX	8450001	8500000	0.0010550660805026	32925	5774	5472643	783107
white	chrXIX	8450001	8500000	0.0013312834446174	32925	7679	5768118	487632
white	chrXIX	8500001	8550000	0.0016362435481936	27621	7925	4843411	404579
common	chrXIX	8500001	8550000	0.001589207273171	27621	7189	4523639	724351
common	chrXIX	8550001	8600000	0.0010041457469636	29131	4820	4800100	734790
white	chrXIX	8550001	8600000	0.0012099938564642	29131	6078	5023166	511724
common	chrXIX	8600001	8650000	0.0008054268301262	25556	3320	4122038	733602
white	chrXIX	8600001	8650000	0.0010537551320054	25556	4642	4405198	450442
common	chrXIX	8650001	8700000	0.0010968278082571	22641	4077	3717083	584707
white	chrXIX	8650001	8700000	0.0014321526355768	22641	5577	3894138	407652
white	chrXIX	8700001	8750000	0.0011344028122751	30450	5999	5288245	497255
common	chrXIX	8700001	8750000	0.0011792009032177	30450	5922	5022045	763455
white	chrXIX	8750001	8800000	0.0010185164621156	24350	4265	4187463	439037
common	chrXIX	8750001	8800000	0.001041005134657	24350	4157	3993256	633244
white	chrXIX	8800001	8850000	0.0010220936935365	22706	4009	3922341	391799
common	chrXIX	8800001	8850000	0.0009940847892025	22706	3670	3691838	622302
common	chrXIX	8850001	8900000	0.0007436895876632	21616	2615	3516252	590788
white	chrXIX	8850001	8900000	0.0006156505857758	21616	2272	3690405	416635
common	chrXIX	8900001	8950000	0.0011109168508384	27978	5096	4587202	728618
white	chrXIX	8900001	8950000	0.0010876509843394	27978	5325	4895872	419948
common	chrXIX	8950001	9000000	0.0009170899826747	19839	2959	3226510	542900
white	chrXIX	8950001	9000000	0.0010895031362355	19839	3723	3417154	352256
white	chrXIX	9000001	9050000	0.0013899665803085	29161	7031	5058395	482195
common	chrXIX	9000001	9050000	0.0015760353648165	29161	7652	4855221	685369
white	chrXIX	9050001	9100000	0.0007608567849865	29329	3915	5145515	426995
common	chrXIX	9050001	9100000	0.0010902322957086	29329	5163	4735688	836822
common	chrXIX	9100001	9150000	0.0008307802302667	30521	4218	5077155	721835
white	chrXIX	9100001	9150000	0.0005404120303974	30521	2880	5329267	469723
common	chrXIX	9150001	9200000	0.0016639870180551	25434	6899	4146066	686394
white	chrXIX	9150001	9200000	0.0015475030946696	25434	6897	4456857	375603
white	chrXIX	9200001	9250000	0.0009763552235004	24816	4186	4287374	427666
common	chrXIX	9200001	9250000	0.0009343510925523	24816	3805	4072345	642695
white	chrXIX	9250001	9300000	0.0015677995300128	21332	5779	3686058	367022
common	chrXIX	9250001	9300000	0.0014716323134332	21332	5182	3521260	531820
common	chrXIX	9300001	9350000	0.0011863787836182	24169	4662	3929605	662505
white	chrXIX	9300001	9350000	0.0015297478956464	24169	6440	4209844	382266
common	chrXIX	9350001	9400000	0.0004315540318171	29892	2102	4870769	808711
white	chrXIX	9350001	9400000	0.0005354394585617	29892	2817	5261099	418381
white	chrXIX	9400001	9450000	0.0007944061813794	26249	3604	4536722	450588
common	chrXIX	9400001	9450000	0.0007532088873096	26249	3256	4322838	664472
common	chrXIX	9450001	9500000	0.0013226225498398	23875	5217	3944436	591814
white	chrXIX	9450001	9500000	0.0011443232270011	23875	4726	4129952	406298
common	chrXIX	9500001	9550000	0.0012313822295595	25434	5119	4157117	675343
white	chrXIX	9500001	9550000	0.0012581801474532	25434	5570	4427029	405431
common	chrXIX	9550001	9600000	0.0009970809959214	26713	4334	4346688	728782
white	chrXIX	9550001	9600000	0.0008903564641152	26713	4126	4634099	441371
common	chrXIX	9600001	9650000	0.0022793114402103	20699	7900	3465959	466851
white	chrXIX	9600001	9650000	0.0020238133644269	20699	7026	3471664	461146
white	chrXIX	9650001	9700000	0.0008002106085725	25158	3453	4315114	464906
common	chrXIX	9650001	9700000	0.0008589102782371	25158	3587	4176222	603798
common	chrXIX	9700001	9750000	0.0010620365103769	29160	5131	4831284	709116
white	chrXIX	9700001	9750000	0.0007569817790766	29160	3887	5134866	405534
white	chrXIX	9750001	9800000	0.0012677713161364	29632	6545	5162603	467477
common	chrXIX	9750001	9800000	0.0012597714154488	29632	6155	4885807	744273
common	chrXIX	9800001	9850000	0.0010091231884102	29683	4913	4868583	771187
white	chrXIX	9800001	9850000	0.001006038933861	29683	5216	5184690	455080
common	chrXIX	9850001	9900000	0.000994647502991	24114	3968	3989353	592307
white	chrXIX	9850001	9900000	0.0010322088360709	24114	4318	4183262	398398
white	chrXIX	9900001	9950000	0.000661276239312	28642	3330	5035717	406263
common	chrXIX	9900001	9950000	0.0007370505889414	28642	3427	4649613	792367
common	chrXIX	9950001	10000000	0.0008824432471372	30613	4449	5041684	774786
white	chrXIX	9950001	10000000	0.00066190052548	30613	3473	5247012	569458
white	chrXIX	10000001	10050000	0.0003249146210933	27096	1509	4644297	503943
common	chrXIX	10000001	10050000	0.0004191761238722	27096	1859	4434890	713350
white	chrXIX	10050001	10100000	0.0006642014686037	29256	3411	5135490	423150
common	chrXIX	10050001	10100000	0.0006729955439537	29256	3234	4805381	753259
white	chrXIX	10100001	10150000	0.0003155258396953	29868	1619	5131117	543803
common	chrXIX	10100001	10150000	0.0004185066616209	29868	2057	4915095	759825
common	chrXIX	10150001	10200000	0.0006902547548856	31519	3595	5208222	780388
white	chrXIX	10150001	10200000	0.0004956217044756	31519	2719	5486039	502571
white	chrXIX	10200001	10250000	0.0004612096316987	29491	2360	5116979	486311
common	chrXIX	10200001	10250000	0.000648996053191	29491	3071	4731924	871366
common	chrXIX	10250001	10300000	0.0009209192795688	23618	3572	3878733	608687
white	chrXIX	10250001	10300000	0.0007257282637475	23618	2941	4052481	434939
common	chrXIX	10300001	10350000	0.0010214913680835	26340	4387	4294701	709899
white	chrXIX	10300001	10350000	0.0010588399688689	26340	4842	4572929	431671
common	chrXIX	10350001	10400000	0.0017259597967405	26739	7556	4377854	702556
white	chrXIX	10350001	10400000	0.0014203409637325	26739	6590	4639731	440679
common	chrXIX	10400001	10450000	0.0010108263418424	25998	4361	4314292	625328
white	chrXIX	10400001	10450000	0.0008413895638155	25998	3760	4468798	470822
common	chrXIX	10450001	10500000	0.001260661577707	25478	5190	4116886	723934
white	chrXIX	10450001	10500000	0.0012157894902402	25478	5411	4450606	390214
white	chrXIX	10500001	10550000	0.0006242993744091	22415	2417	3871540	387310
common	chrXIX	10500001	10550000	0.0007802658774322	22415	2871	3679515	579335
common	chrXIX	10550001	10600000	0.0011072616001504	28226	5134	4636664	726276
white	chrXIX	10550001	10600000	0.0009022355369063	28226	4441	4922218	440722
common	chrXIX	10600001	10650000	0.0007135767015643	27229	3194	4476043	697467
white	chrXIX	10600001	10650000	0.0006329558447387	27229	3001	4741247	432263
common	chrXIX	10650001	10700000	0.0014964775977535	21111	5164	3450770	560320
white	chrXIX	10650001	10700000	0.0014580912175963	21111	5336	3659579	351511
common	chrXIX	10700001	10750000	0.0013356378794608	23083	4992	3737540	648230
white	chrXIX	10700001	10750000	0.0014284882450314	23083	5667	3967131	418639
common	chrXIX	10750001	10800000	0.0015709538158884	23825	6184	3936462	590288
white	chrXIX	10750001	10800000	0.0014094934573642	23825	5799	4114244	412506
white	chrXIX	10800001	10850000	0.0011865720589112	24138	4975	4192750	393470
common	chrXIX	10800001	10850000	0.0013283528806503	24138	5213	3924409	661811
white	chrXIX	10850001	10900000	0.0010188987191019	25396	4566	4481309	343931
common	chrXIX	10850001	10900000	0.0012732998039166	25396	5230	4107438	717802
common	chrXIX	10900001	10950000	0.0009910135742446	24172	3902	3937383	655297
white	chrXIX	10900001	10950000	0.0008904459046446	24172	3775	4239449	353231
common	chrXIX	10950001	11000000	0.0008958112768035	19986	2975	3321012	476328
white	chrXIX	10950001	11000000	0.0009692003924917	19986	3384	3491538	305802
common	chrXIX	11000001	11050000	0.0007945139365127	24386	3164	3982309	651031
white	chrXIX	11000001	11050000	0.0007642276233336	24386	3280	4291915	341425
common	chrXIX	11050001	11100000	0.0006795981344133	24980	2763	4065638	680562
white	chrXIX	11050001	11100000	0.0005755942522375	24980	2505	4352024	394176
common	chrXIX	11100001	11150000	0.0006985453210994	24271	2762	3953931	657559
white	chrXIX	11100001	11150000	0.0005245165530691	24271	2197	4188619	422871
white	chrXIX	11150001	11200000	0.0012539597779242	27522	6075	4844653	384527
common	chrXIX	11150001	11200000	0.0012873099093499	27522	5787	4495421	733759
common	chrXIX	11200001	11250000	0.0014043519194476	17382	3932	2799868	502712
white	chrXIX	11200001	11250000	0.0008770707798081	17382	2682	3057906	244674
common	chrXIX	11250001	11300000	0.000672680566342	25515	2815	4184750	663100
white	chrXIX	11250001	11300000	0.0007652672165353	25515	3387	4425905	421945
common	chrXIX	11300001	11350000	0.0013502228700331	17666	3811	2822497	534043
white	chrXIX	11300001	11350000	0.0013898997807399	17666	4289	3085834	270706
common	chrXIX	11350001	11400000	0.0008117202809825	23613	3112	3833833	652637
white	chrXIX	11350001	11400000	0.0007646928447326	23613	3150	4119301	367169
common	chrXIX	11400001	11450000	0.0010552151713027	25056	4399	4168818	591822
white	chrXIX	11400001	11450000	0.0010846142746453	25056	4758	4386813	373827
white	chrXIX	11450001	11500000	0.0008613695541007	31833	4767	5534210	514060
common	chrXIX	11450001	11500000	0.0008394251977208	31833	4465	5319116	729154
common	chrXIX	11500001	11550000	0.000614144789042	28861	2891	4707359	776231
white	chrXIX	11500001	11550000	0.0006414231889773	28861	3230	5035677	447913
common	chrXIX	11550001	11600000	0.0006647540980266	30256	3263	4908582	840058
white	chrXIX	11550001	11600000	0.0006846592330086	30256	3641	5317974	430666
common	chrXIX	11600001	11650000	0.0011577862826343	26032	4941	4267627	678453
white	chrXIX	11600001	11650000	0.0010664939983289	26032	4793	4494165	451915
common	chrXIX	11650001	11700000	0.0007922556799453	29303	3812	4811578	755992
white	chrXIX	11650001	11700000	0.0008540182441856	29303	4350	5093568	474002
common	chrXIX	11700001	11750000	0.0008018153640581	29021	3796	4734257	779733
white	chrXIX	11700001	11750000	0.0006895282632941	29021	3511	5091887	422103
white	chrXIX	11750001	11800000	0.0008045219710277	29630	4098	5093708	535992
common	chrXIX	11750001	11800000	0.0009203347088722	29630	4574	4969931	659769
common	chrXIX	11800001	11850000	0.0020059741127397	28772	9524	4747818	718862
white	chrXIX	11800001	11850000	0.0018963476501564	28772	9403	4958479	508201
common	chrXIX	11850001	11900000	0.0011036315517828	27183	4824	4371024	793746
white	chrXIX	11850001	11900000	0.0009481608060682	27183	4541	4789272	375498
common	chrXIX	11900001	11950000	0.0007946492668329	25595	3354	4220730	642320
white	chrXIX	11900001	11950000	0.0006401831062319	25595	2863	4472158	390892
common	chrXIX	11950001	12000000	0.0005159048222894	28708	2415	4681096	773424
white	chrXIX	11950001	12000000	0.000557718301263	28708	2767	4961286	493234
common	chrXIX	12000001	12050000	0.0008295392739968	22863	3026	3647808	696162
white	chrXIX	12000001	12050000	0.0007770566676415	22863	3122	4017725	326245
common	chrXIX	12050001	12100000	0.0010492385529497	24537	4202	4004809	657221
white	chrXIX	12050001	12100000	0.0009213877212104	24537	3957	4294609	367421
white	chrXIX	12100001	12150000	0.0011061545332779	24339	4723	4269747	354663
common	chrXIX	12100001	12150000	0.0010327929076932	24339	4023	3895263	729147
common	chrXIX	12150001	12200000	0.0005990073940674	30203	2943	4913128	825442
white	chrXIX	12150001	12200000	0.0006617063505151	30203	3511	5305979	432591
common	chrXIX	12200001	12250000	0.0009281750248806	29235	4402	4742640	812010
white	chrXIX	12200001	12250000	0.0009795224764271	29235	5001	5105549	449101
common	chrXIX	12250001	12300000	0.001172511769201	28531	5519	4706989	713901
white	chrXIX	12250001	12300000	0.0011714843315226	28531	5831	4977446	443444
common	chrXIX	12300001	12350000	0.0009212115863042	28949	4342	4713358	786952
white	chrXIX	12300001	12350000	0.0007625027235767	28949	3860	5062277	438033
common	chrXIX	12350001	12400000	0.0008759120359592	29014	4116	4699102	813558
white	chrXIX	12350001	12400000	0.0008109000361949	29014	4129	5091873	420787
white	chrXIX	12400001	12450000	0.0007040871165507	29267	3612	5130047	430683
common	chrXIX	12400001	12450000	0.0005789540467526	29267	2765	4775854	784876
common	chrXIX	12450001	12500000	0.0013779796378112	30895	7013	5089335	780715
white	chrXIX	12450001	12500000	0.0014394892529694	30895	7763	5392885	477165
common	chrXIX	12500001	12550000	0.0009380992137398	29552	4499	4795868	819012
white	chrXIX	12500001	12550000	0.0008984016948226	29552	4588	5106847	508033
common	chrXIX	12550001	12600000	0.0010537461232487	29912	5195	4930030	753250
white	chrXIX	12550001	12600000	0.000997338779434	29912	5237	5250974	432306
white	chrXIX	12600001	12650000	0.0011188770543018	28524	5544	4954968	464592
common	chrXIX	12600001	12650000	0.0010197210689028	28524	4787	4694421	725139
white	chrXIX	12650001	12700000	0.001141885619839	31146	6222	5448882	468858
common	chrXIX	12650001	12700000	0.0011817154363415	31146	6033	5105290	812450
white	chrXIX	12700001	12750000	0.0005370279582965	28910	2698	5023947	468953
common	chrXIX	12700001	12750000	0.0005650198267499	28910	2656	4700720	792180
white	chrXIX	12750001	12800000	0.0011013798617392	25922	4933	4478927	446253
common	chrXIX	12750001	12800000	0.0007909727703517	25922	3323	4201156	724024
white	chrXIX	12800001	12850000	0.0012031910275399	24935	5194	4316854	420796
common	chrXIX	12800001	12850000	0.0011219405614814	24935	4565	4068843	668807
white	chrXIX	12850001	12900000	0.0006853409470018	26761	3217	4694014	390576
common	chrXIX	12850001	12900000	0.0006955209287094	26761	2999	4311876	772714
common	chrXIX	12900001	12950000	0.001221737428332	29579	6020	4927409	692601
white	chrXIX	12900001	12950000	0.0012283477436157	29579	6253	5090578	529432
common	chrXIX	12950001	13000000	0.0011664392780441	27028	5075	4350848	784472
white	chrXIX	12950001	13000000	0.0012963604086087	27028	6096	4702396	432924
common	chrXIX	13000001	13050000	0.0008812090060618	28660	4165	4726461	718939
white	chrXIX	13000001	13050000	0.0009225870153253	28660	4628	5016329	429071
white	chrXIX	13050001	13100000	0.0010335493578542	25814	4664	4512605	392055
common	chrXIX	13050001	13100000	0.0009504506922235	25814	4002	4210634	694026
common	chrXIX	13100001	13150000	0.0009850494712641	24767	4007	4067816	637914
white	chrXIX	13100001	13150000	0.001073292480734	24767	4591	4277492	428238
common	chrXIX	13150001	13200000	0.0003884466930091	27805	1765	4543738	739212
white	chrXIX	13150001	13200000	0.0005247105825382	27805	2539	4838858	444092
common	chrXIX	13200001	13250000	0.001056656848497	30611	5304	5019605	796485
white	chrXIX	13200001	13250000	0.0009425450752114	30611	5002	5306908	509182
common	chrXIX	13250001	13300000	0.0004952025428462	28771	2374	4793998	672492
white	chrXIX	13250001	13300000	0.0004202427677801	28771	2099	4994732	471758
common	chrXIX	13300001	13350000	0.0006666512799145	25472	2744	4116095	723585
white	chrXIX	13300001	13350000	0.0007590313990136	25472	3355	4420107	419573
common	chrXIX	13350001	13400000	0.0014506210301558	25930	6143	4234738	691962
white	chrXIX	13350001	13400000	0.0012261550074016	25930	5567	4540209	386491
common	chrXIX	13400001	13450000	0.0007435927321988	22191	2705	3637744	578546
white	chrXIX	13400001	13450000	0.0006786525291196	22191	2592	3819333	396957
common	chrXIX	13450001	13500000	0.0007715741368572	22133	2764	3582287	622983
white	chrXIX	13450001	13500000	0.0008423813020651	22133	3220	3822497	382773
common	chrXIX	13500001	13550000	0.0008811559106901	26467	3825	4340889	687841
white	chrXIX	13500001	13550000	0.0009610973224211	26467	4416	4594748	433982
common	chrXIX	13550001	13600000	0.0012029928187014	24688	4824	4009999	680721
white	chrXIX	13550001	13600000	0.0013588926015743	24688	5831	4290994	399726
common	chrXIX	13600001	13650000	0.0009729215437678	27006	4348	4469014	662126
white	chrXIX	13600001	13650000	0.0009971463692384	27006	4696	4709439	421701
common	chrXIX	13650001	13700000	0.0005075927520687	24329	2017	3973658	648852
white	chrXIX	13650001	13700000	0.0005922988677739	24329	2470	4170192	452318
white	chrXIX	13700001	13750000	0.0006627458769664	26063	3023	4561326	390644
common	chrXIX	13700001	13750000	0.0007574754987475	26063	3148	4155910	796060
common	chrXIX	13750001	13800000	0.0007577865740892	25653	3167	4179277	694793
white	chrXIX	13750001	13800000	0.0007735225596223	25653	3462	4475629	398441
common	chrXIX	13800001	13850000	0.0008839653185945	28667	4130	4672129	774601
white	chrXIX	13800001	13850000	0.0004831709049626	28667	2431	5031346	415384
common	chrXIX	13850001	13900000	0.0007548983551863	24287	3003	3978019	636511
white	chrXIX	13850001	13900000	0.0007845607673932	24287	3263	4159015	455515
common	chrXIX	13900001	13950000	0.0006029923103483	25024	2513	4167549	587011
white	chrXIX	13900001	13950000	0.0005738015046041	25024	2472	4308110	446450
common	chrXIX	13950001	14000000	0.0001874560796999	19495	597	3184746	519304
white	chrXIX	13950001	14000000	0.00023387904129	19495	795	3399193	304857
common	chrXIX	14000001	14050000	0.0004094566605337	26207	1763	4305706	673624
white	chrXIX	14000001	14050000	0.0004928977613419	26207	2240	4544553	434777
white	chrXIX	14050001	14100000	0.0004550846420029	23086	1825	4010243	376097
common	chrXIX	14050001	14100000	0.0003338473102841	23086	1264	3786162	600178
common	chrXIX	14100001	14150000	0.0004697669727801	20916	1607	3420845	553195
white	chrXIX	14100001	14150000	0.000455007010056	20916	1636	3595549	378491
common	chrXIX	14150001	14200000	0.0006625346283009	22630	2515	3796028	503672
white	chrXIX	14150001	14200000	0.0005553900128783	22630	2177	3919768	379932
common	chrXIX	14200001	14250000	0.0003484997907014	21782	1228	3523675	614905
white	chrXIX	14200001	14250000	0.0003521383456287	21782	1338	3799643	338937
common	chrXIX	14250001	14300000	0.001877704804997	23382	7015	3735944	706636
white	chrXIX	14250001	14300000	0.00185723038458	23382	7660	4124421	318159
white	chrXIX	14300001	14350000	0.0023359608561611	26966	11011	4713692	409848
common	chrXIX	14300001	14350000	0.0023281771304519	26966	10348	4444679	678861
white	chrXIX	14350001	14400000	0.0013454580547367	27522	6469	4808028	421152
common	chrXIX	14350001	14400000	0.001181987976537	27522	5295	4479741	749439
common	chrXIX	14400001	14450000	0.0013002299538021	22294	4835	3718573	517287
white	chrXIX	14400001	14450000	0.0011100227016046	22294	4297	3871092	364768
common	chrXIX	14450001	14500000	0.0018119093285731	24039	7156	3949425	617985
white	chrXIX	14450001	14500000	0.0016035609093777	24039	6739	4202522	364888
common	chrXIX	14500001	14550000	0.000496454881372	23124	1867	3760664	632896
white	chrXIX	14500001	14550000	0.0005407658174001	23124	2163	3999883	393677
white	chrXIX	14550001	14600000	0.0012366869515666	18194	3926	3174611	282249
common	chrXIX	14550001	14600000	0.0012109306630317	18194	3653	3016688	440172
white	chrXIX	14600001	14650000	0.0008161672352993	25969	3689	4519907	414203
common	chrXIX	14600001	14650000	0.0008795569547993	25969	3721	4230539	703571
common	chrXIX	14650001	14700000	0.0006216220020587	26908	2738	4404606	707914
white	chrXIX	14650001	14700000	0.0005016023705894	26908	2347	4679005	433515
common	chrXIX	14700001	14750000	0.0009694085809449	22089	3522	3633143	563767
white	chrXIX	14700001	14750000	0.0006166411413019	22089	2355	3819077	377833
common	chrXIX	14750001	14800000	0.0010645573930935	25739	4464	4193292	697118
white	chrXIX	14750001	14800000	0.0006887640133106	25739	3107	4510979	379431
white	chrXIX	14800001	14850000	0.0020572546114162	15120	5348	2599581	273219
common	chrXIX	14800001	14850000	0.0022577712213168	15120	5473	2424072	448728
common	chrXIX	14850001	14900000	0.0013916486619959	19394	4427	3181119	503741
white	chrXIX	14850001	14900000	0.0014838537528561	19394	4966	3346691	338169
common	chrXIX	14900001	14950000	0.0010919137770425	26293	4684	4289716	705954
white	chrXIX	14900001	14950000	0.0013403431365112	26293	6185	4614490	381180
white	chrXIX	14950001	15000000	0.0009392958336724	21931	3566	3796461	370429
common	chrXIX	14950001	15000000	0.001011195579375	21931	3616	3575965	590925
common	chrXIX	15000001	15050000	0.0013164613754364	22552	4906	3726657	558223
white	chrXIX	15000001	15050000	0.0011241261140777	22552	4349	3868783	416097
common	chrXIX	15050001	15100000	0.000683121760716	24018	2649	3877786	685634
white	chrXIX	15050001	15100000	0.0007656224752146	24018	3203	4183524	379896
common	chrXIX	15100001	15150000	0.0004901297959584	26327	2106	4296821	705309
white	chrXIX	15100001	15150000	0.0003790812071313	26327	1729	4561028	441102
common	chrXIX	15150001	15200000	0.0005756513612976	26973	2565	4455822	669048
white	chrXIX	15150001	15200000	0.0004856634227842	26973	2299	4733731	391139
common	chrXIX	15200001	15250000	0.0005126485966103	27041	2277	4441639	696151
white	chrXIX	15200001	15250000	0.0004496579598967	27041	2128	4732486	405304
common	chrXIX	15250001	15300000	0.0002724888449879	25790	1160	4257055	643045
white	chrXIX	15250001	15300000	0.0002534814407355	25790	1129	4453975	446125
common	chrXIX	15300001	15350000	0.0004361857915204	26786	1920	4401794	687546
white	chrXIX	15300001	15350000	0.0004932236937717	26786	2301	4665226	424114
white	chrXIX	15350001	15400000	0.0011393110460773	24517	4827	4236771	421459
common	chrXIX	15350001	15400000	0.001242369778941	24517	4950	3984321	673909
common	chrXIX	15400001	15450000	0.000383812613585	23897	1502	3913368	627062
white	chrXIX	15400001	15450000	0.0003085814275506	23897	1293	4190142	350288
common	chrXIX	15450001	15500000	0.0001684591751052	25948	710	4214671	715449
white	chrXIX	15450001	15500000	0.0002511675764048	25948	1139	4534821	395299
common	chrXIX	15500001	15550000	0.0013039200162598	26014	5575	4275569	667091
white	chrXIX	15500001	15550000	0.0011776769261962	26014	5274	4478308	464352
white	chrXIX	15550001	15600000	0.0008679962488435	26701	4129	4756933	316257
common	chrXIX	15550001	15600000	0.0009474257742885	26701	4135	4364458	708732
common	chrXIX	15600001	15650000	0.0003995210872303	24134	1559	3902172	683288
white	chrXIX	15600001	15650000	0.0005126995413217	24134	2143	4179836	405624
common	chrXIX	15650001	15700000	0.0005899544072832	24107	2314	3922337	657993
white	chrXIX	15650001	15700000	0.000617721506717	24107	2549	4126455	453875
white	chrXIX	15700001	15750000	0.0007878385192558	28108	3856	4894404	446116
common	chrXIX	15700001	15750000	0.0008959687934678	28108	4116	4593910	746610
white	chrXIX	15750001	15800000	0.0006526446189112	27205	3082	4722325	446625
common	chrXIX	15750001	15800000	0.0008263950163683	27205	3677	4449446	719504
common	chrXIX	15800001	15850000	0.0007655795437145	22327	2825	3690015	552115
white	chrXIX	15800001	15850000	0.0007729416403089	22327	2976	3850226	391904
common	chrXIX	15850001	15900000	0.0006354908751514	28002	2906	4572843	747537
white	chrXIX	15850001	15900000	0.0005503861620004	28002	2685	4878393	441987
common	chrXIX	15900001	15950000	0.0008463295138363	27781	3842	4539603	738787
white	chrXIX	15900001	15950000	0.0007706556148208	27781	3732	4842630	435760
common	chrXIX	15950001	16000000	0.0007050397556836	23646	2702	3832408	660332
white	chrXIX	15950001	16000000	0.0006477903017236	23646	2650	4090830	401910
white	chrXIX	16000001	16050000	0.0008256773875577	23811	3431	4155376	368714
common	chrXIX	16000001	16050000	0.0008132010769124	23811	3125	3842838	681252
white	chrXIX	16050001	16100000	0.0008277625391218	28300	4109	4963984	413016
common	chrXIX	16050001	16100000	0.0008111868725909	28300	3804	4689425	687575
common	chrXIX	16100001	16150000	0.0010318919093224	26268	4320	4186485	804435
white	chrXIX	16100001	16150000	0.000910351038873	26268	4217	4632279	358641
common	chrXIX	16150001	16200000	0.0011652685777771	30846	5991	5141304	719436
white	chrXIX	16150001	16200000	0.0013788962220484	30846	7385	5355733	505007
common	chrXIX	16200001	16250000	0.0011535114451382	31691	6096	5284733	736557
white	chrXIX	16200001	16250000	0.0012858256242825	31691	7152	5562185	459105
common	chrXIX	16250001	16300000	0.0009796570081289	24589	3939	4020795	651115
white	chrXIX	16250001	16300000	0.0006246031143056	24589	2639	4225083	446827
white	chrXIX	16300001	16350000	0.0002974031171968	28181	1472	4949511	404879
common	chrXIX	16300001	16350000	0.000350197695769	28181	1604	4580270	774120
white	chrXIX	16350001	16400000	0.0010465987081102	26397	4760	4548066	467364
common	chrXIX	16350001	16400000	0.0007785264364138	26397	3348	4300432	714998
common	chrXIX	16400001	16450000	0.0006282291903506	24087	2484	3953971	622559
white	chrXIX	16400001	16450000	0.000703921774535	24087	2936	4170918	405612
common	chrXIX	16450001	16500000	0.0011804837090481	24716	4693	3975489	720551
white	chrXIX	16450001	16500000	0.0011649051157914	24716	5116	4391774	304266
white	chrXIX	16500001	16550000	0.0012958025475329	19619	4375	3376286	351324
common	chrXIX	16500001	16550000	0.0011750342354305	19619	3766	3205013	522597
common	chrXIX	16550001	16600000	0.001017554405412	28841	4794	4711296	768494
white	chrXIX	16550001	16600000	0.0010688263504409	28841	5356	5011104	468686
white	chrXIX	16600001	16650000	0.0016697523961477	25114	7242	4337170	434490
common	chrXIX	16600001	16650000	0.0015523704107911	25114	6307	4062819	708841
common	chrXIX	16650001	16700000	0.0015617223459168	29579	7487	4794066	825944
white	chrXIX	16650001	16700000	0.0014599179270449	29579	7503	5139330	480680
white	chrXIX	16700001	16750000	0.0012530434403338	28277	6148	4906454	466176
common	chrXIX	16700001	16750000	0.0012605976662792	28277	5854	4643829	728801
white	chrXIX	16750001	16800000	0.0011838357048993	28344	5826	4921291	464069
common	chrXIX	16750001	16800000	0.0013918611523522	28344	6448	4632646	752714
common	chrXIX	16800001	16850000	0.0012195666983126	27030	5403	4430262	705438
white	chrXIX	16800001	16850000	0.0010876853792832	27030	5142	4727470	408230
common	chrXIX	16850001	16900000	0.0009324089036057	27721	4199	4503389	763601
white	chrXIX	16850001	16900000	0.0010416291334959	27721	5059	4856815	410175
white	chrXIX	16900001	16950000	0.0012553637978587	26496	5847	4657614	376626
common	chrXIX	16900001	16950000	0.0011765038709829	26496	5032	4277079	757161
white	chrXIX	16950001	17000000	0.0013645894201354	31771	7543	5527670	508820
common	chrXIX	16950001	17000000	0.0012500877271551	31771	6448	5158038	878452
white	chrXIX	17000001	17050000	0.0012695034090671	29031	6439	5072062	443828
common	chrXIX	17000001	17050000	0.0013338404108177	29031	6278	4706710	809180
common	chrXIX	17050001	17100000	0.0017140038913146	26358	7399	4316793	691227
white	chrXIX	17050001	17100000	0.0017502237078625	26358	7988	4563988	444032
common	chrXIX	17100001	17150000	0.002140536970817	28544	10035	4688076	735284
white	chrXIX	17100001	17150000	0.0019657722004383	28544	9777	4973618	449742
common	chrXIX	17150001	17200000	0.0014558358699655	26722	6427	4414646	662534
white	chrXIX	17150001	17200000	0.0014465329482799	26722	6721	4646282	430898
white	chrXIX	17200001	17250000	0.0015232165166811	15334	4010	2632587	280873
common	chrXIX	17200001	17250000	0.0013689218700811	15334	3457	2525345	388115
white	chrXIX	17250001	17300000	0.0014358311835386	7029	1756	1222985	112525
common	chrXIX	17250001	17300000	0.0009407051463179	7029	1082	1150201	185309
white	chrXIX	17300001	17350000	0.0013794303089551	30371	7264	5265942	504548
common	chrXIX	17300001	17350000	0.0013916616456014	30371	6973	5010557	759933
common	chrXIX	17350001	17400000	0.0016981220706285	23647	6507	3831880	661050
white	chrXIX	17350001	17400000	0.0015217981666687	23647	6237	4098441	394489
common	chrXIX	17400001	17450000	0.0016619478018851	26125	7082	4261265	702485
white	chrXIX	17400001	17450000	0.0016622143200083	26125	7537	4534313	429437
common	chrXIX	17450001	17500000	0.0011726225518897	23067	4386	3740334	642396
white	chrXIX	17450001	17500000	0.0012216061558751	23067	4887	4000471	382259
common	chrXIX	17500001	17550000	0.0024745869876523	29469	11851	4789082	810028
white	chrXIX	17500001	17550000	0.0023515097766085	29469	12006	5105656	493454
white	chrXIX	17550001	17600000	0.0018631998899207	27781	8964	4811078	467312
common	chrXIX	17550001	17600000	0.0020534742432025	27781	9446	4600009	678381
common	chrXIX	17600001	17650000	0.0011887007193051	24259	4630	3895009	714201
white	chrXIX	17600001	17650000	0.0012214060128073	24259	5180	4241014	368196
white	chrXIX	17650001	17700000	0.0012649152245256	26886	5852	4626397	481943
common	chrXIX	17650001	17700000	0.0013015055783696	26886	5708	4385690	722650
common	chrXIX	17700001	17750000	0.0011674665388077	27274	5162	4421540	760520
white	chrXIX	17700001	17750000	0.0013511004023267	27274	6388	4727998	454062
common	chrXIX	17750001	17800000	0.0026438606705203	23150	9759	3691193	707307
white	chrXIX	17750001	17800000	0.0025427234975754	23150	10405	4092069	306431
white	chrXIX	17800001	17850000	0.0013039779202434	29977	6871	5269261	426369
common	chrXIX	17800001	17850000	0.0013144902143281	29977	6491	4938036	757594
white	chrXIX	17850001	17900000	0.0015116639683336	27620	7253	4798024	449776
common	chrXIX	17850001	17900000	0.0015034769991604	27620	6757	4494249	753551
white	chrXIX	17900001	17950000	0.001805438932537	29952	9452	5235292	455588
common	chrXIX	17900001	17950000	0.0018165397084993	29952	8888	4892819	798061
common	chrXIX	17950001	18000000	0.0028305684720051	30831	14259	5037504	820386
white	chrXIX	17950001	18000000	0.0026950416740825	30831	14582	5410677	447213
common	chrXIX	18000001	18050000	0.00187230576998	29647	9058	4837885	795045
white	chrXIX	18000001	18050000	0.0019191900336825	29647	9973	5196463	436467
common	chrXIX	18050001	18100000	0.0025142367564065	28588	11797	4692080	739640
white	chrXIX	18050001	18100000	0.0024890190336749	28588	12223	4910770	520950
common	chrXIX	18100001	18150000	0.0018541658541775	27094	8225	4435957	711903
white	chrXIX	18100001	18150000	0.0019491005821039	27094	9203	4721665	426195
white	chrXIX	18150001	18200000	0.0017200211772265	23126	6842	3977858	416082
common	chrXIX	18150001	18200000	0.0018324721118345	23126	6956	3795965	597975
white	chrXIX	18200001	18250000	0.0015143015817282	24455	6495	4289106	357344
common	chrXIX	18200001	18250000	0.0016147684552556	24455	6458	3999335	647115
white	chrXIX	18250001	18300000	0.0025083162192407	29903	13054	5204288	477282
common	chrXIX	18250001	18300000	0.0026195308877169	29903	12840	4901641	779929
common	chrXIX	18300001	18350000	0.0013845367636248	27352	6253	4516312	680568
white	chrXIX	18300001	18350000	0.0013369275277607	27352	6258	4680882	515998
common	chrXIX	18350001	18400000	0.0014086332347552	29654	6989	4961547	672713
white	chrXIX	18350001	18400000	0.0014504431596533	29654	7463	5145324	488936
white	chrXIX	18400001	18450000	0.0020465953039599	30870	11144	5445141	420159
common	chrXIX	18400001	18450000	0.0020662336848633	30870	10421	5043476	821824
white	chrXIX	18450001	18500000	0.0022874554363288	24493	9899	4327516	326154
common	chrXIX	18450001	18500000	0.0024076173513774	24493	9495	3943733	709937
common	chrXIX	18500001	18550000	0.0016606642550104	22962	6213	3741274	621506
white	chrXIX	18500001	18550000	0.0016363288005374	22962	6542	3997974	364806
common	chrXIX	18550001	18600000	0.0022824198644512	26605	9872	4325234	729716
white	chrXIX	18550001	18600000	0.0023415900120918	26605	10856	4636166	418784
common	chrXIX	18600001	18650000	0.0028779349798099	23284	10809	3755818	668142
white	chrXIX	18600001	18650000	0.0029040138926285	23284	11756	4048190	375770
common	chrXIX	18650001	18700000	0.0031677941111823	22268	11746	3707943	522977
white	chrXIX	18650001	18700000	0.0031183895500133	22268	11988	3844292	386628
white	chrXIX	18700001	18750000	0.0020285415728778	24814	8629	4253795	460865
common	chrXIX	18700001	18750000	0.0021512429091216	24814	8803	4092053	622607
common	chrXIX	18750001	18800000	0.0028213427591709	26595	12415	4400387	652663
white	chrXIX	18750001	18800000	0.0027630406934336	26595	12743	4611948	441102
common	chrXIX	18800001	18850000	0.0034707091785067	26076	14703	4236310	718130
white	chrXIX	18800001	18850000	0.0034994002091062	26076	15992	4569926	384514
common	chrXIX	18850001	18900000	0.0028239767789195	25397	11704	4144510	680920
white	chrXIX	18850001	18900000	0.0028219990889323	25397	12458	4414601	410829
common	chrXIX	18900001	18950000	0.001828667919461	25574	7637	4176264	682796
white	chrXIX	18900001	18950000	0.0018353568515661	25574	8200	4467796	391264
common	chrXIX	18950001	19000000	0.0020883919257178	24459	8354	4000207	647003
white	chrXIX	18950001	19000000	0.0021303963820469	24459	8932	4192647	454563
white	chrXIX	19000001	19050000	0.0018100120132752	26035	8124	4488368	458282
common	chrXIX	19000001	19050000	0.0021500682179253	26035	9200	4278934	667716
common	chrXIX	19050001	19100000	0.0011544810508051	26314	4925	4265986	733674
white	chrXIX	19050001	19100000	0.0011050958441239	26314	5034	4555261	444399
common	chrXIX	19100001	19150000	0.0016469859036218	27594	7488	4546487	696373
white	chrXIX	19100001	19150000	0.0016387483775782	27594	7804	4762171	480689
common	chrXIX	19150001	19200000	0.001439350949511	23671	5532	3843399	654091
white	chrXIX	19150001	19200000	0.0014162814348661	23671	5810	4102292	395198
common	chrXIX	19200001	19250000	0.0014508192240488	21145	5016	3457357	560193
white	chrXIX	19200001	19250000	0.0013970560836743	21145	5174	3703502	314048
white	chrXIX	19250001	19300000	0.0019488522137547	30751	10421	5347250	495440
common	chrXIX	19250001	19300000	0.0018006398270878	30751	9094	5050427	792263
common	chrXIX	19300001	19350000	0.0016058677296823	30078	7899	4918836	795984
white	chrXIX	19300001	19350000	0.0017228821050155	30078	9083	5271980	442840
common	chrXIX	19350001	19400000	0.0018818781064487	23369	7145	3796739	643371
white	chrXIX	19350001	19400000	0.0017380852940267	23369	7083	4075174	364936
common	chrXIX	19400001	19450000	0.0020549325755974	26140	8778	4271673	694927
white	chrXIX	19400001	19450000	0.0018422791487595	26140	8434	4578025	388575
common	chrXIX	19450001	19500000	0.0016051916996833	27302	7180	4472986	714394
white	chrXIX	19450001	19500000	0.001497768729168	27302	7108	4745726	441654
common	chrXIX	19500001	19550000	0.0019390088749902	23110	7311	3770483	620417
white	chrXIX	19500001	19550000	0.001782389420475	23110	7104	3985661	405239
white	chrXIX	19550001	19600000	0.0018642188909704	26465	8511	4565451	462899
common	chrXIX	19550001	19600000	0.0020606226505543	26465	8928	4332671	695679
common	chrXIX	19600001	19650000	0.0020162870229107	26438	8671	4300479	722741
white	chrXIX	19600001	19650000	0.0019398532286581	26438	8910	4593131	430089
common	chrXIX	19650001	19700000	0.001330583896366	28901	6301	4735515	755675
white	chrXIX	19650001	19700000	0.0013534494615731	28901	6898	5096607	394583
white	chrXIX	19700001	19750000	0.0009336259355739	28466	4613	4940951	467589
common	chrXIX	19700001	19750000	0.0011062471492364	28466	5132	4639108	769432
white	chrXIX	19750001	19800000	0.0013357369170677	29659	6954	5206115	429095
common	chrXIX	19750001	19800000	0.0014076143544911	29659	6827	4850050	785160
white	chrXIX	19800001	19850000	0.0013215207697723	24479	5631	4261000	390010
common	chrXIX	19800001	19850000	0.0012210755068142	24479	4857	3977641	673369
common	chrXIX	19850001	19900000	0.0013588553898985	26923	5964	4388988	726382
white	chrXIX	19850001	19900000	0.001165253652381	26923	5487	4708846	406524
common	chrXIX	19900001	19950000	0.0015783824195119	28885	7364	4665536	822614
white	chrXIX	19900001	19950000	0.0015169056519555	28885	7830	5161824	326326
common	chrXIX	19950001	20000000	0.001558267697046	22467	5792	3716948	551782
white	chrXIX	19950001	20000000	0.0014397641941521	22467	5586	3879802	388928
white	chrXIX	20000001	20050000	0.0012826146617558	24090	5426	4230421	346679
common	chrXIX	20000001	20050000	0.0012175161286269	24090	4748	3899743	677357
white	chrXIX	20050001	20100000	0.0013070170132186	21797	4991	3818619	322811
common	chrXIX	20050001	20100000	0.0012844014061405	21797	4581	3566642	574788
common	chrXIX	20100001	20150000	0.001212952904646	25172	5047	4160920	621760
white	chrXIX	20100001	20150000	0.0010369856687982	25172	4507	4346251	436429
common	chrXIX	20150001	20200000	0.0011102592838084	27246	5005	4507956	668784
white	chrXIX	20150001	20200000	0.0009387828108739	27246	4414	4701833	474907
white	chrXIX	20200001	20250000	0.0006132112794356	30482	3224	5257568	534012
common	chrXIX	20200001	20250000	0.0006403183683621	30482	3218	5025625	765955
white	chrXIX	20250001	20300000	0.0008582007779031	29744	4429	5160797	490563
common	chrXIX	20250001	20300000	0.0009636912638279	29744	4637	4811707	839653
white	chrXIX	20300001	20350000	0.0007262414250864	29615	3690	5080955	545895
common	chrXIX	20300001	20350000	0.0007746835308103	29615	3779	4878121	748729
common	chrXIX	20350001	20400000	0.0013251973019089	29310	6457	4872482	696418
white	chrXIX	20350001	20400000	0.0012177636901033	29310	6190	5083088	485812
white	chrXIX	20400001	20450000	0.0008446904845162	22740	3348	3963582	357018
common	chrXIX	20400001	20450000	0.0009345252009934	22740	3446	3687434	633166
white	chrXIX	20450001	20500000	0.0011264493660302	24008	4776	4239871	321649
common	chrXIX	20450001	20500000	0.0011105717960435	24008	4377	3941213	620307
white	chrXIX	20500001	20550000	0.0014188543908953	21278	4931	3475339	567481
common	chrXIX	20500001	20550000	0.0015344547595922	21278	5487	3575863	466957
white	chrXIX	20550001	20600000	0.0033144748981137	10470	5292	1596633	392667
common	chrXIX	20550001	20600000	0.0033657567177503	10470	6236	1852778	136522
