pop	chromosome	window_pos_1	window_pos_2	avg_pi	no_sites	count_diffs	count_comparisons	count_missing
Common	chrY	1	50000	NA	0	NA	NA	NA
White	chrY	1	50000	NA	0	NA	NA	NA
Common	chrY	50001	100000	NA	0	NA	NA	NA
White	chrY	50001	100000	NA	0	NA	NA	NA
Common	chrY	100001	150000	NA	0	NA	NA	NA
White	chrY	100001	150000	NA	0	NA	NA	NA
Common	chrY	150001	200000	NA	0	NA	NA	NA
White	chrY	150001	200000	NA	0	NA	NA	NA
Common	chrY	200001	250000	NA	0	NA	NA	NA
White	chrY	200001	250000	NA	0	NA	NA	NA
Common	chrY	250001	300000	NA	0	NA	NA	NA
White	chrY	250001	300000	NA	0	NA	NA	NA
Common	chrY	300001	350000	NA	0	NA	NA	NA
White	chrY	300001	350000	NA	0	NA	NA	NA
White	chrY	350001	400000	0.0	293	0	43748	11922
Common	chrY	350001	400000	0.0	293	0	51614	4056
Common	chrY	400001	450000	0.0	10341	0	1818938	145852
White	chrY	400001	450000	3.927185615155445e-05	10341	72	1833374	131416
Common	chrY	450001	500000	0.0001484798584702	41230	1128	7596990	236710
White	chrY	450001	500000	0.000190237994787	41230	1456	7653571	180129
White	chrY	500001	550000	0.000103352840738	40324	776	7508260	153300
Common	chrY	500001	550000	0.0001222086509935	40324	904	7397185	264375
White	chrY	550001	600000	0.0001814901981233	42039	1420	7824114	163296
Common	chrY	550001	600000	0.0001103020710249	42039	852	7724243	263167
Common	chrY	600001	650000	0.0001010992588611	36064	672	6646933	205227
White	chrY	600001	650000	0.0001505788996835	36064	1008	6694165	157995
Common	chrY	650001	700000	0.0001427295178619	33400	868	6081433	264567
White	chrY	650001	700000	0.0002499608421732	33400	1540	6160965	185035
Common	chrY	700001	750000	7.418049700664225e-05	40446	552	7441309	243431
White	chrY	700001	750000	0.0002161335705465	40446	1620	7495365	189375
White	chrY	750001	800000	0.00013729456764	45045	1152	8390718	167832
Common	chrY	750001	800000	7.081793134274314e-05	45045	584	8246499	312051
White	chrY	800001	850000	0.0001747776684507	42508	1388	7941518	135002
Common	chrY	800001	850000	0.0001453880796823	42508	1140	7841083	235437
Common	chrY	850001	900000	8.802863615236197e-05	35215	564	6407006	283844
White	chrY	850001	900000	0.0002068317646526	35215	1336	6459356	231494
White	chrY	900001	950000	0.0001292750737288	39610	952	7364142	161758
Common	chrY	900001	950000	6.023206231485326e-05	39610	428	7105850	420050
Common	chrY	950001	1000000	7.403184114456208e-05	43934	596	8050590	296870
White	chrY	950001	1000000	0.0001050127083693	43934	860	8189485	157975
Common	chrY	1000001	1050000	5.528645071720201e-05	37717	376	6800943	365287
White	chrY	1000001	1050000	0.0001617487816128	37717	1120	6924318	241912
Common	chrY	1050001	1100000	8.226993762157086e-05	41803	628	7633408	309162
White	chrY	1050001	1100000	0.0001379984655511	41803	1056	7652259	290311
Common	chrY	1100001	1150000	5.884145832813836e-05	30892	328	5574301	295179
White	chrY	1100001	1150000	0.000196359591013	30892	1124	5724192	145288
White	chrY	1150001	1200000	8.452672054679534e-05	35092	548	6483157	184323
Common	chrY	1150001	1200000	3.885456136361008e-05	35092	252	6485725	181755
White	chrY	1200001	1250000	0.0001228133760687	39815	900	7328192	236658
Common	chrY	1200001	1250000	6.614225696239498e-05	39815	484	7317561	247289
Common	chrY	1250001	1300000	0.0001037961055843	45801	876	8439623	262567
White	chrY	1250001	1300000	0.000150472884551	45801	1280	8506516	195674
Common	chrY	1300001	1350000	5.753031927729135e-05	41203	432	7509084	319486
White	chrY	1300001	1350000	0.0001332732645469	41203	1020	7653448	175122
Common	chrY	1350001	1400000	6.840591456407918e-05	46212	580	8478799	301481
White	chrY	1350001	1400000	0.0001790513825283	46212	1544	8623223	157057
White	chrY	1400001	1450000	0.0001375819522737	45367	1164	8460412	159318
Common	chrY	1400001	1450000	0.0001016198296717	45367	848	8344828	274902
Common	chrY	1450001	1500000	0.0001075536737646	45440	900	8367915	265685
White	chrY	1450001	1500000	0.0001443981791626	45440	1220	8448860	184740
Common	chrY	1500001	1550000	0.0001191593871379	40243	884	7418635	227535
White	chrY	1500001	1550000	0.0002040563954185	40243	1528	7488126	158044
White	chrY	1550001	1600000	0.0002278634588824	18108	752	3300222	140298
Common	chrY	1550001	1600000	3.8897298066044574e-05	18108	128	3290717	149803
White	chrY	1600001	1650000	0.0001362601908298	38001	956	7015989	204201
Common	chrY	1600001	1650000	0.0001483852748894	38001	1032	6954868	265322
Common	chrY	1650001	1700000	3.988564986990687e-05	32411	236	5916915	241175
White	chrY	1650001	1700000	9.274826968594536e-05	32411	556	5994721	163369
Common	chrY	1700001	1750000	6.431816292832443e-05	47757	568	8831098	242732
White	chrY	1700001	1750000	0.000155493816096	47757	1388	8926400	147430
Common	chrY	1750001	1800000	0.0001099216161886	37126	748	6804849	249091
White	chrY	1750001	1800000	7.672829392168047e-05	37126	528	6881425	172515
Common	chrY	1800001	1850000	0.0001683150671687	37211	1156	6868072	202018
White	chrY	1800001	1850000	0.0002082272445573	37211	1432	6877102	192988
Common	chrY	1850001	1900000	0.00010798607435	33801	664	6148941	273249
White	chrY	1850001	1900000	0.0001857812124088	33801	1156	6222373	199817
White	chrY	1900001	1950000	0.0001887563406033	39372	1372	7268630	212050
Common	chrY	1900001	1950000	0.0001058563354947	39372	764	7217329	263351
Common	chrY	1950001	2000000	7.374038565251429e-05	33776	456	6183857	233583
White	chrY	1950001	2000000	0.0001374893228939	33776	856	6225938	191502
Common	chrY	2000001	2050000	4.970699589929711e-05	43858	400	8047157	285863
White	chrY	2000001	2050000	0.0001446981419577	43858	1176	8127264	205756
Common	chrY	2050001	2100000	6.808613840768886e-05	43548	548	8048628	225492
White	chrY	2050001	2100000	0.0001205120631345	43548	980	8131966	142154
White	chrY	2100001	2150000	9.261151626629156e-05	44381	764	8249514	182876
Common	chrY	2100001	2150000	7.988997728772056e-05	44381	652	8161224	271166
Common	chrY	2150001	2200000	9.236331989331574e-05	46897	800	8661447	248983
White	chrY	2150001	2200000	0.0001155251537186	46897	1012	8759997	150433
Common	chrY	2200001	2250000	7.303183358036904e-05	42978	572	7832201	333619
White	chrY	2200001	2250000	0.0001130078178455	42978	896	7928655	237165
White	chrY	2250001	2300000	0.0001595969741968	46720	1396	8747033	129767
Common	chrY	2250001	2300000	9.701262901542792e-05	46720	832	8576203	300597
Common	chrY	2300001	2350000	7.18391594525123e-05	44060	588	8184951	186449
White	chrY	2300001	2350000	0.0001335691755491	44060	1096	8205486	165914
Common	chrY	2350001	2400000	0.0001394837639232	42472	1088	7800191	269489
White	chrY	2350001	2400000	0.000182882847496	42472	1448	7917637	152043
White	chrY	2400001	2450000	8.792859695478147e-05	43750	700	7961005	351495
Common	chrY	2400001	2450000	6.064109567524606e-05	43750	488	8047348	265152
White	chrY	2450001	2500000	9.46150936748859e-05	45585	796	8413034	248116
Common	chrY	2450001	2500000	6.067240068626696e-05	45585	508	8372835	288315
Common	chrY	2500001	2550000	6.216707809892056e-05	42811	488	7849814	284276
White	chrY	2500001	2550000	0.0001433701346126	42811	1136	7923547	210543
Common	chrY	2550001	2600000	9.121324499238422e-05	31440	528	5788633	184967
White	chrY	2550001	2600000	8.301661807450158e-05	31440	484	5830158	143442
Common	chrY	2600001	2650000	4.37390745507674e-05	43660	352	8047724	247676
White	chrY	2600001	2650000	0.0001097801441497	43660	884	8052458	242942
Common	chrY	2650001	2700000	0.0001115814975182	23208	472	4230092	179428
White	chrY	2650001	2700000	0.0002020042169543	23208	868	4296940	112580
Common	chrY	2700001	2750000	9.42701313865576e-05	33655	580	6152532	241918
White	chrY	2700001	2750000	0.000112926653016	33655	704	6234135	160315
Common	chrY	2750001	2800000	0.0001109438216801	38061	776	6994531	237059
White	chrY	2750001	2800000	0.0001971038757248	38061	1392	7062266	169324
Common	chrY	2800001	2850000	6.584183074641734e-05	45350	552	8383728	232772
White	chrY	2800001	2850000	0.0001785608210396	45350	1512	8467703	148797
Common	chrY	2850001	2900000	8.411128118107888e-05	33675	516	6134730	263520
White	chrY	2850001	2900000	0.0001537951940288	33675	956	6216059	182191
White	chrY	2900001	2950000	0.0001956200619349	44239	1604	8199568	205842
Common	chrY	2900001	2950000	0.0001203845722011	44239	980	8140578	264832
Common	chrY	2950001	3000000	0.0001492821895103	45329	1248	8360006	252504
White	chrY	2950001	3000000	0.0001672075055801	45329	1412	8444597	167913
Common	chrY	3000001	3050000	0.0001015833021353	44715	836	8229699	266151
White	chrY	3000001	3050000	0.0001938284535808	44715	1600	8254722	241128
Common	chrY	3050001	3100000	0.0001481055958907	44668	1220	8237366	249554
White	chrY	3050001	3100000	0.000146780627661	44668	1216	8284472	202448
White	chrY	3100001	3150000	0.0002188743458502	43936	1792	8187346	160494
Common	chrY	3100001	3150000	0.0001258274366228	43936	1012	8042761	305079
Common	chrY	3150001	3200000	9.130663849578696e-05	45630	744	8148367	521333
White	chrY	3150001	3200000	0.00011943799252	45630	1016	8506506	163194
Common	chrY	3200001	3250000	8.560897793581467e-05	46246	728	8503781	282959
White	chrY	3200001	3250000	0.0001454309262137	46246	1244	8553889	232851
Common	chrY	3250001	3300000	6.514526092543141e-05	47823	576	8841779	244591
White	chrY	3250001	3300000	9.948448439757272e-05	47823	888	8926015	160355
Common	chrY	3300001	3350000	6.986523658816942e-05	45232	548	7843672	750408
White	chrY	3300001	3350000	0.0001646256662865	45232	1380	8382654	211426
Common	chrY	3350001	3400000	0.0001019512480575	41804	784	7689950	252810
White	chrY	3350001	3400000	0.0001398071586405	41804	1088	7782148	160612
White	chrY	3400001	3450000	2.6675003912987702e-05	14020	68	2549203	114597
Common	chrY	3400001	3450000	2.8031390485445285e-05	14020	72	2568549	95251
Common	chrY	3450001	3500000	0.0001639400403055	39823	1192	7270951	295419
White	chrY	3450001	3500000	0.0001282716402002	39823	944	7359382	206988
White	chrY	3500001	3550000	0.0002026261152734	37486	1404	6929018	193322
Common	chrY	3500001	3550000	9.58090053250472e-05	37486	664	6930455	191885
White	chrY	3550001	3600000	0.000116962184518	46273	1004	8583971	207899
Common	chrY	3550001	3600000	4.92295805077117e-05	46273	420	8531456	260414
Common	chrY	3600001	3650000	7.050964929447098e-05	33246	432	6126821	189919
White	chrY	3600001	3650000	0.0001381265199645	33246	844	6110340	206400
White	chrY	3650001	3700000	0.0001034125569271	38077	720	6962404	272226
Common	chrY	3650001	3700000	8.782979980767601e-05	38077	604	6876937	357693
Common	chrY	3700001	3750000	5.219225137739376e-05	44882	428	8200451	327129
White	chrY	3700001	3750000	8.803888830807678e-05	44882	736	8359942	167638
Common	chrY	3750001	3800000	3.3318789873041047e-05	37879	232	6963038	233972
White	chrY	3750001	3800000	0.0001509542945998	37879	1060	7021993	175017
Common	chrY	3800001	3850000	5.5789597142051095e-05	42664	440	7886775	219385
White	chrY	3800001	3850000	0.0001444191528579	42664	1144	7921387	184773
Common	chrY	3850001	3900000	6.13197785176769e-05	37021	416	6784108	249882
White	chrY	3850001	3900000	0.0001563085974977	37021	1072	6858228	175762
White	chrY	3900001	3950000	0.0001590223141826	41633	1224	7697033	213237
Common	chrY	3900001	3950000	4.5602025358919386e-05	41633	348	7631240	279030
Common	chrY	3950001	4000000	6.396662855951308e-05	42977	508	7941641	223989
White	chrY	3950001	4000000	0.0001307506838554	42977	1024	7831699	333931
Common	chrY	4000001	4050000	0.0001069409651498	42504	840	7854801	220959
White	chrY	4000001	4050000	8.998680747386452e-05	42504	704	7823369	252391
White	chrY	4050001	4100000	0.0001116710035096	43757	912	8166847	146983
Common	chrY	4050001	4100000	7.351158165101585e-05	43757	596	8107566	206264
White	chrY	4100001	4150000	0.0001591339233255	33440	984	6183471	170129
Common	chrY	4100001	4150000	8.988317319749383e-05	33440	548	6096803	256797
Common	chrY	4150001	4200000	0.0002197339997858	39056	1584	7208716	211924
White	chrY	4150001	4200000	0.0001321015149333	39056	936	7085460	335180
White	chrY	4200001	4250000	0.0002184997741243	36939	1496	6846689	171721
Common	chrY	4200001	4250000	6.352944913497008e-05	36939	432	6799996	218414
Common	chrY	4250001	4300000	0.0001244123245613	8034	180	1446802	79658
White	chrY	4250001	4300000	0.0001658237293756	8034	244	1471442	55018
Common	chrY	4300001	4350000	8.192558449218114e-05	15858	236	2880663	132357
White	chrY	4300001	4350000	0.0001298199499783	15858	380	2927131	85889
Common	chrY	4350001	4400000	5.484807577138136e-05	43977	444	8095088	260542
White	chrY	4350001	4400000	0.0001667171721629	43977	1360	8157528	198102
Common	chrY	4400001	4450000	9.451893322589855e-05	41656	724	7659841	254799
White	chrY	4400001	4450000	0.0001693938955125	41656	1316	7768875	145765
Common	chrY	4450001	4500000	0.0001840140487468	46166	1572	8542826	228714
White	chrY	4450001	4500000	0.0001534895394676	46166	1324	8625995	145545
White	chrY	4500001	4550000	0.0001981447184323	42527	1568	7913408	166722
Common	chrY	4500001	4550000	0.000104705343203	42527	820	7831501	248629
Common	chrY	4550001	4600000	0.0001194660603895	41369	908	7600485	259625
White	chrY	4550001	4600000	0.0001410881867302	41369	1088	7711489	148621
Common	chrY	4600001	4650000	0.000115992260957	43978	944	8138474	217346
White	chrY	4600001	4650000	0.0001877419387085	43978	1540	8202749	153071
Common	chrY	4650001	4700000	0.0001081050694791	40219	800	7400208	241402
White	chrY	4650001	4700000	0.0002126334981736	40219	1580	7430626	210984
Common	chrY	4700001	4750000	8.747467847246796e-05	39963	640	7316403	276567
White	chrY	4700001	4750000	0.000220845820594	39963	1636	7407883	185087
Common	chrY	4750001	4800000	9.705200260384816e-05	38345	680	7006553	278997
White	chrY	4750001	4800000	0.0001311363584558	38345	932	7107106	178444
Common	chrY	4800001	4850000	5.914952324965405e-05	42378	456	7709276	342544
White	chrY	4800001	4850000	0.0001593625498007	42378	1256	7881400	170420
White	chrY	4850001	4900000	0.0001498157999294	41928	1164	7769541	196779
Common	chrY	4850001	4900000	9.28090426419536e-05	41928	708	7628567	337753
Common	chrY	4900001	4950000	0.0001646315638538	41438	1240	7531970	341250
White	chrY	4900001	4950000	0.0001014738023672	41438	776	7647294	225926
Common	chrY	4950001	5000000	7.584808762783314e-05	37199	508	6697598	370212
White	chrY	4950001	5000000	0.000142125769854	37199	968	6810869	256941
Common	chrY	5000001	5050000	0.0001390726528528	29023	728	5234674	279696
White	chrY	5000001	5050000	0.0001849368196216	29023	968	5234220	280150
Common	chrY	5050001	5100000	9.650114422785298e-05	33497	588	6093192	271238
White	chrY	5050001	5100000	0.0001421777037842	33497	868	6105036	259394
White	chrY	5100001	5150000	0.0001371559340123	40159	1016	7407627	222583
Common	chrY	5100001	5150000	3.4425481741585123e-05	40159	244	7087773	542437
White	chrY	5150001	5200000	0.0001109757355765	43413	896	8073837	174633
Common	chrY	5150001	5200000	7.0091478140408e-05	43413	560	7989559	258911
White	chrY	5200001	5250000	0.0001077057865651	44694	900	8356097	135763
Common	chrY	5200001	5250000	0.0001200280895004	44694	984	8198081	293779
Common	chrY	5250001	5300000	0.0001608256044259	17859	520	3233316	159894
White	chrY	5250001	5300000	0.0003734807763363	17859	1216	3255857	137353
Common	chrY	5300001	5350000	0.0001227618758362	18762	424	3453841	110939
White	chrY	5300001	5350000	0.0001954955059169	18762	676	3457880	106900
White	chrY	5350001	5400000	0.0001434418405937	34647	928	6469521	113409
Common	chrY	5350001	5400000	0.0001403458865281	34647	892	6355726	227204
Common	chrY	5400001	5450000	0.0001922417339105	36397	1260	6554248	361182
White	chrY	5400001	5450000	0.0002380193592039	36397	1608	6755753	159677
Common	chrY	5450001	5500000	0.0001847830054385	38183	1296	7013632	241138
White	chrY	5450001	5500000	9.364251911915108e-05	38183	664	7090796	163974
Common	chrY	5500001	5550000	0.0001399132146071	36357	928	6632683	275147
White	chrY	5500001	5550000	0.0001249694609581	36357	844	6753650	154180
Common	chrY	5550001	5600000	4.440162565451928e-05	23860	192	4324166	209234
White	chrY	5550001	5600000	7.71465575844596e-05	23860	340	4407196	126204
Common	chrY	5600001	5650000	1.3716633729351436e-05	36910	92	6707185	305715
White	chrY	5600001	5650000	8.947469145485994e-05	36910	612	6839923	172977
Common	chrY	5650001	5700000	7.082691015809835e-05	45289	592	8358405	246505
White	chrY	5650001	5700000	0.0001329865404129	45289	1104	8301592	303318
White	chrY	5700001	5750000	5.9963117231710025e-05	39667	440	7337844	198886
Common	chrY	5700001	5750000	5.357110065554183e-05	39667	388	7242711	294019
White	chrY	5750001	5800000	8.603612644011456e-05	34706	532	6183449	410691
Common	chrY	5750001	5800000	5.665252504238317e-05	34706	360	6354527	239613
White	chrY	5800001	5850000	0.0001474853976062	33970	936	6346391	107909
Common	chrY	5800001	5850000	2.706763283078299e-05	33970	168	6206675	247625
White	chrY	5850001	5900000	0.000141219352233	37829	992	7024533	162977
Common	chrY	5850001	5900000	5.674294346492099e-05	37829	392	6908348	279162
White	chrY	5900001	5950000	0.0001348566066565	35897	860	6377144	443286
Common	chrY	5900001	5950000	8.754513479988541e-05	35897	580	6625154	195276
White	chrY	5950001	6000000	0.0001724395127352	31650	1008	5845528	167972
Common	chrY	5950001	6000000	5.369895436776452e-05	31650	312	5810169	203331
Common	chrY	6000001	6050000	7.116562148012554e-05	46395	608	8543451	271599
White	chrY	6000001	6050000	0.000130448629954	46395	1128	8647082	167968
Common	chrY	6050001	6100000	8.346233882338968e-05	47156	728	8722497	237143
White	chrY	6050001	6100000	8.413153123593426e-05	47156	740	8795751	163889
Common	chrY	6100001	6150000	6.211645515366641e-05	42036	480	7727421	259419
White	chrY	6100001	6150000	0.0001645559512592	42036	1288	7827125	159715
Common	chrY	6150001	6200000	7.660533414402285e-05	35728	508	6631392	156928
White	chrY	6150001	6200000	0.000217350757619	35728	1304	5999519	788801
Common	chrY	6200001	6250000	4.643588461972557e-05	32778	288	6202100	25720
White	chrY	6200001	6250000	0.0001126906211573	32778	476	4223954	2003866
Common	chrY	6250001	6300000	5.377061195915835e-05	42556	412	7662178	423462
White	chrY	6250001	6300000	0.0001892394299885	42556	1492	7884192	201448
White	chrY	6300001	6350000	0.0001996728561777	46629	1724	8634123	225387
Common	chrY	6300001	6350000	8.500886229066422e-05	46629	728	8563813	295697
White	chrY	6350001	6400000	0.0001206924454758	39377	880	7291260	190370
Common	chrY	6350001	6400000	7.206215057936456e-05	39377	524	7271501	210129
Common	chrY	6400001	6450000	9.286418420737396e-05	39576	676	7279448	239992
White	chrY	6400001	6450000	9.783922080844549e-05	39576	720	7359012	160428
Common	chrY	6450001	6500000	5.117176889692016e-05	42486	396	7738642	333698
White	chrY	6450001	6500000	0.000160498243253	42486	1268	7900398	171942
Common	chrY	6500001	6550000	6.265357191311033e-05	46262	532	8491136	298644
White	chrY	6500001	6550000	0.0001496190848196	46262	1256	8394651	395129
Common	chrY	6550001	6600000	8.791485565034123e-05	45616	740	8417235	249805
White	chrY	6550001	6600000	0.0001234989651678	45616	1052	8518290	148750
Common	chrY	6600001	6650000	9.577907133453736e-05	33758	592	6180891	233129
White	chrY	6600001	6650000	0.0001774962269633	33758	1072	6039565	374455
Common	chrY	6650001	6700000	0.0001030084247002	18710	356	3456028	98872
White	chrY	6650001	6700000	0.0001026289441874	18710	356	3468807	86093
White	chrY	6700001	6750000	0.0001450068789228	42513	1140	7861696	215774
Common	chrY	6700001	6750000	6.378165244229514e-05	42513	500	7839245	238225
White	chrY	6750001	6800000	0.0001558696531734	38966	1128	7236816	166724
Common	chrY	6750001	6800000	6.715025106499599e-05	38966	480	7148149	255391
Common	chrY	6800001	6850000	7.049513519089926e-05	38026	492	6979205	245735
White	chrY	6800001	6850000	0.0001345537775549	38026	952	7075238	149702
Common	chrY	6850001	6900000	5.9577509350585366e-05	46599	512	8593847	259963
White	chrY	6850001	6900000	0.0001712040704454	46599	1496	8738110	115700
White	chrY	6900001	6950000	0.0001282089957464	42703	1020	7955760	157810
Common	chrY	6900001	6950000	0.000111606548362	42703	880	7884842	228728
White	chrY	6950001	7000000	0.0001463707744553	40282	1084	7405850	247730
Common	chrY	6950001	7000000	9.505700855053996e-05	40282	704	7406082	247498
White	chrY	7000001	7050000	0.0001770080001575	40837	1348	7615475	143555
Common	chrY	7000001	7050000	0.0001197397531303	40837	896	7482895	276135
Common	chrY	7050001	7100000	4.207716589490938e-05	44826	348	8270519	246421
White	chrY	7050001	7100000	0.0001161252707381	44826	964	8301380	215560
White	chrY	7100001	7150000	0.000113391706814	47690	1008	8889539	171561
Common	chrY	7100001	7150000	5.583801799550368e-05	47690	492	8811201	249899
White	chrY	7150001	7200000	9.205518398478788e-05	48518	832	9038057	180363
Common	chrY	7150001	7200000	7.088920363001765e-05	48518	636	8971747	246673
Common	chrY	7200001	7250000	5.599498702505989e-05	45797	472	8429326	272104
White	chrY	7200001	7250000	8.004741053648617e-05	45797	684	8544936	156494
Common	chrY	7250001	7300000	1.037433780745863e-05	19306	36	3470101	198039
White	chrY	7250001	7300000	0.0001026579381096	19306	364	3545756	122384
White	chrY	7300001	7350000	0.0	1215	0	209687	21163
Common	chrY	7300001	7350000	0.0002785806316815	1215	56	201019	29831
Common	chrY	7350001	7400000	6.05771538256969e-05	32841	364	6008866	230924
White	chrY	7350001	7400000	0.000109820899314	32841	664	6046208	193582
Common	chrY	7400001	7450000	3.399723074795811e-05	43123	268	7882995	310375
White	chrY	7400001	7450000	0.0001651831075893	43123	1328	8039563	153807
Common	chrY	7450001	7500000	3.802732009433311e-05	42832	300	7889065	249015
White	chrY	7450001	7500000	0.0001193037174386	42832	952	7979634	158446
Common	chrY	7500001	7550000	3.650868756499632e-05	48501	328	8984163	231027
White	chrY	7500001	7550000	0.0001138872225157	48501	1032	9061596	153594
Common	chrY	7550001	7600000	2.869756118559191e-05	47768	252	8781234	294686
White	chrY	7550001	7600000	0.0001123317200626	47768	1000	8902205	173715
White	chrY	7600001	7650000	0.0001281411704864	44016	1048	8178480	184560
Common	chrY	7600001	7650000	7.334890807966529e-05	44016	596	8125547	237493
Common	chrY	7650001	7700000	6.49767947531472e-05	46486	556	8556901	275439
White	chrY	7650001	7700000	0.0001254232889753	46486	1072	8547057	285283
White	chrY	7700001	7750000	0.0001213233225243	41778	940	7747892	189928
Common	chrY	7700001	7750000	5.770942705586909e-05	41778	444	7693717	244103
White	chrY	7750001	7800000	0.0001561675705623	39046	1132	7248624	170116
Common	chrY	7750001	7800000	4.744091826641397e-05	39046	340	7166809	251931
Common	chrY	7800001	7850000	0.0001227657590952	45431	1024	8341088	290802
White	chrY	7800001	7850000	0.0001898364038861	45431	1612	8491522	140368
Common	chrY	7850001	7900000	5.237998139150142e-05	32277	308	5880109	252521
White	chrY	7850001	7900000	0.0002050321959368	32277	1220	5950285	182345
White	chrY	7900001	7950000	0.0001540485515947	40260	1148	7452196	197204
Common	chrY	7900001	7950000	8.351250357285348e-05	40260	620	7424038	225362
Common	chrY	7950001	8000000	0.0001013835268489	40891	764	7535741	233549
White	chrY	7950001	8000000	0.0001258007018106	40891	960	7631118	138172
Common	chrY	8000001	8050000	4.838944039107367e-05	39946	356	7356977	232763
White	chrY	8000001	8050000	0.0001413474828842	39946	1044	7386053	203687
White	chrY	8050001	8100000	0.0001181168042661	46182	1016	8601655	172925
Common	chrY	8050001	8100000	6.785408967554083e-05	46182	576	8488803	285777
White	chrY	8100001	8150000	0.0001192691079808	46872	1048	8786852	118828
Common	chrY	8100001	8150000	9.66781346670907e-05	46872	836	8647250	258430
Common	chrY	8150001	8200000	6.084307440054946e-05	41682	468	7691919	227661
White	chrY	8150001	8200000	0.0001191347874739	41682	924	7755921	163659
Common	chrY	8200001	8250000	6.195489757802197e-05	44227	500	8070387	332743
White	chrY	8200001	8250000	0.0001478123948498	44227	1212	8199583	203547
Common	chrY	8250001	8300000	6.281585532012904e-05	29124	336	5348968	184592
White	chrY	8250001	8300000	0.0001636692422354	29124	884	5401137	132423
White	chrY	8300001	8350000	0.0001321478110317	35123	856	6477595	195775
Common	chrY	8300001	8350000	3.8000654732592194e-05	35123	244	6420942	252428
Common	chrY	8350001	8400000	0.0001080187181007	12910	252	2332929	119971
White	chrY	8350001	8400000	7.489661436821876e-05	12910	172	2296499	156401
Common	chrY	8400001	8450000	5.859420299880248e-05	40139	432	7372743	253667
White	chrY	8400001	8450000	0.0001323587745998	40139	984	7434339	192071
Common	chrY	8450001	8500000	5.6671054330767776e-05	33621	348	6140701	247289
White	chrY	8450001	8500000	0.0001244951608923	33621	776	6233174	154816
White	chrY	8500001	8550000	9.833193792924308e-05	38067	692	7037388	195342
Common	chrY	8500001	8550000	8.21735300958399e-05	38067	572	6960879	271851
Common	chrY	8550001	8600000	7.96524465062259e-05	43716	640	8034907	271133
White	chrY	8550001	8600000	0.0001460577831945	43716	1196	8188540	117500
Common	chrY	8600001	8650000	7.630723211638477e-05	44110	620	8125049	255851
White	chrY	8600001	8650000	0.0001184196676062	44110	972	8208096	172804
Common	chrY	8650001	8700000	0.0001583517343913	34652	1008	6365576	218304
White	chrY	8650001	8700000	0.0001405429799952	34652	900	6403735	180145
White	chrY	8700001	8750000	0.0001507756918261	40673	1136	7534371	193499
Common	chrY	8700001	8750000	9.703080350669324e-05	40673	720	7420324	307546
White	chrY	8750001	8800000	0.0001326505554088	45468	1116	8413082	225838
Common	chrY	8750001	8800000	4.197893969069393e-05	45468	352	8385157	253763
White	chrY	8800001	8850000	0.0001176196870594	41622	912	7753804	154376
Common	chrY	8800001	8850000	7.60883599531848e-05	41622	584	7675287	232893
White	chrY	8850001	8900000	5.185722859469588e-05	38486	368	7096407	215933
Common	chrY	8850001	8900000	5.470480560348162e-05	38486	384	7019493	292847
Common	chrY	8900001	8950000	5.736792791490386e-05	38116	400	6972537	269503
White	chrY	8900001	8950000	0.0001294777293247	38116	896	6920109	321931
Common	chrY	8950001	9000000	6.982620954705833e-05	46468	600	8592762	236158
White	chrY	8950001	9000000	0.0001154688868371	46468	972	8417852	411068
White	chrY	9000001	9050000	0.0001090960786476	22406	452	4143137	114003
Common	chrY	9000001	9050000	5.091854509422731e-05	22406	200	3927842	329298
Common	chrY	9050001	9100000	7.834850145676957e-05	30033	428	5462772	243498
White	chrY	9050001	9100000	0.0001006051941383	30033	560	5566313	139957
Common	chrY	9100001	9150000	6.000961775765684e-05	40173	444	7398814	234056
White	chrY	9100001	9150000	0.0001726811456053	40173	1288	7458834	174036
White	chrY	9150001	9200000	9.79222796306698e-05	35980	648	6617493	218707
Common	chrY	9150001	9200000	6.966338377970605e-05	35980	456	6545763	290437
Common	chrY	9200001	9250000	8.02224400354751e-05	46345	688	8576154	229396
White	chrY	9200001	9250000	0.0001459970193045	46345	1264	8657711	147839
Common	chrY	9250001	9300000	7.882498869644766e-05	44744	644	8169998	331362
White	chrY	9250001	9300000	0.0001275443081614	44744	1064	8342199	159161
Common	chrY	9300001	9350000	5.706173825339114e-05	32382	336	5888359	264221
White	chrY	9300001	9350000	0.0001271909051808	32382	760	5975270	177310
Common	chrY	9350001	9400000	7.039038880104791e-05	41409	532	7557850	309860
White	chrY	9350001	9400000	0.0001812427602845	41409	1360	7503748	363962
White	chrY	9400001	9450000	0.0001168243327112	47686	1040	8902255	158085
Common	chrY	9400001	9450000	0.0001241053081272	47686	1092	8798979	261361
Common	chrY	9450001	9500000	0.000127860062923	39677	932	7289219	249411
White	chrY	9450001	9500000	0.0001864920330548	39677	1368	7335434	203196
White	chrY	9500001	9550000	0.0001880297931288	39442	1372	7296716	197264
Common	chrY	9500001	9550000	7.976416395523901e-05	39442	576	7221288	272692
Common	chrY	9550001	9600000	0.0001237491954248	40131	904	7305098	319792
White	chrY	9550001	9600000	0.0001549676585445	40131	1156	7459621	165269
White	chrY	9600001	9650000	0.0001254886148654	41768	976	7777598	158322
Common	chrY	9600001	9650000	9.751325554521905e-05	41768	748	7670752	265168
White	chrY	9650001	9700000	0.0001889444143064	44374	1552	8214056	217004
Common	chrY	9650001	9700000	0.0001182416008153	44374	968	8186628	244432
Common	chrY	9700001	9750000	9.826671668831172e-05	39564	708	7204881	312279
White	chrY	9700001	9750000	0.0001034228084269	39564	744	7193771	323389
Common	chrY	9750001	9800000	7.717489506023058e-05	41041	576	7463567	334223
White	chrY	9750001	9800000	0.000130730843009	41041	976	7465721	332069
White	chrY	9800001	9850000	0.0001802353620372	38733	1280	7101825	257445
Common	chrY	9800001	9850000	0.0001564805705417	38733	1104	7055189	304081
Common	chrY	9850001	9900000	0.0001074809255431	28075	552	5135795	198455
White	chrY	9850001	9900000	0.0001304170375886	28075	672	5152701	181549
White	chrY	9900001	9950000	0.0001507579678737	40313	1124	7455659	203811
Common	chrY	9900001	9950000	0.000126405147863	40313	940	7436406	223064
White	chrY	9950001	10000000	0.0002440974813462	34949	1536	6292568	347742
Common	chrY	9950001	10000000	0.0002025616523512	34949	1292	6378305	262005
Common	chrY	10000001	10050000	0.0001589023607159	36296	1048	6595245	300995
White	chrY	10000001	10050000	0.0002002315289796	36296	1332	6652299	243941
Common	chrY	10050001	10100000	3.982354253586853e-05	33332	244	6127029	206051
White	chrY	10050001	10100000	0.0001062535386521	33332	636	5985683	347397
Common	chrY	10100001	10150000	4.610367178996504e-05	32710	276	5986508	228392
White	chrY	10100001	10150000	0.0001025347968922	32710	600	5851672	363228
Common	chrY	10150001	10200000	8.832390038344093e-05	33982	552	6249724	206856
White	chrY	10150001	10200000	7.627930762930711e-05	33982	460	6030469	426111
Common	chrY	10200001	10250000	8.556584933850468e-05	34494	540	6310929	242931
White	chrY	10200001	10250000	0.0001118066566019	34494	708	6332360	221500
Common	chrY	10250001	10300000	4.881996620379721e-05	37427	336	6882430	228700
White	chrY	10250001	10300000	9.110925958783506e-05	37427	628	6892823	218307
Common	chrY	10300001	10350000	8.164257870417482e-05	37538	560	6859166	273054
White	chrY	10300001	10350000	4.610109474052159e-05	37538	316	6854501	277719
Common	chrY	10350001	10400000	0.0002163233429346	32926	1288	5954050	301890
White	chrY	10350001	10400000	0.0002262406770814	32926	1368	6046658	209282
Common	chrY	10400001	10450000	0.0001017149954165	39074	732	7196579	227481
White	chrY	10400001	10450000	0.0002472988766337	39074	1784	7213943	210117
White	chrY	10450001	10500000	0.0001070090810167	39309	776	7251721	216989
Common	chrY	10450001	10500000	0.0001675986548531	39309	1200	7159962	308748
White	chrY	10500001	10550000	0.0002319139212828	32225	1392	6002227	120523
Common	chrY	10500001	10550000	9.783118786934032e-05	32225	576	5887693	235057
Common	chrY	10550001	10600000	0.0001500937290256	41467	1132	7541954	336776
White	chrY	10550001	10600000	0.000204253567551	41467	1572	7696316	182414
Common	chrY	10600001	10650000	0.0001002027326589	36869	676	6746323	258787
White	chrY	10600001	10650000	0.0001459181672678	36869	992	6798331	206779
Common	chrY	10650001	10700000	0.0001034518799446	40975	776	7501072	284178
White	chrY	10650001	10700000	0.0001703961523587	40975	1276	7488432	296818
Common	chrY	10700001	10750000	0.0001928924545912	42240	1496	7755617	269983
White	chrY	10700001	10750000	0.0002510516302249	42240	1964	7823092	202508
Common	chrY	10750001	10800000	0.0001179756289575	43161	936	7933842	266748
White	chrY	10750001	10800000	0.0001973059475348	43161	1576	7987595	212995
White	chrY	10800001	10850000	0.0002050803383058	33923	1284	6260961	184409
Common	chrY	10800001	10850000	9.322664424011729e-05	33923	572	6135585	309785
Common	chrY	10850001	10900000	0.0001444600243328	33379	872	6036272	305738
White	chrY	10850001	10900000	0.0001738416497898	33379	1068	6143522	198488
White	chrY	10900001	10950000	0.0002085772961705	34051	1312	6290234	179456
Common	chrY	10900001	10950000	0.0001657077279585	34051	1020	6155416	314274
White	chrY	10950001	11000000	0.0001390549640982	40924	1060	7622885	152675
Common	chrY	10950001	11000000	6.941768044291684e-05	40924	520	7490887	284673
Common	chrY	11000001	11050000	0.0001091370713662	33516	660	6047441	320599
White	chrY	11000001	11050000	0.0001346808105259	33516	832	6177569	190471
Common	chrY	11050001	11100000	0.0001416384410269	37168	960	6777821	284099
White	chrY	11050001	11100000	0.0001516021691888	37168	1044	6886445	175475
Common	chrY	11100001	11150000	7.816903915128896e-05	46937	672	8596754	321276
White	chrY	11100001	11150000	0.0001554385792363	46937	1356	8723703	194327
Common	chrY	11150001	11200000	0.0001144876822996	44521	936	8175552	283438
White	chrY	11150001	11200000	0.0001576882706046	44521	1304	8269480	189510
White	chrY	11200001	11250000	0.0001173678181322	22207	484	4123788	95542
Common	chrY	11200001	11250000	0.0001061473310211	22207	432	4069815	149515
Common	chrY	11250001	11300000	0.000127689265133	46640	1092	8552011	309589
White	chrY	11250001	11300000	0.0001495201766814	46640	1304	8721231	140369
Common	chrY	11300001	11350000	0.000115999830562	33475	712	6137940	222310
White	chrY	11300001	11350000	0.0002131915964536	33475	1280	6003989	356261
Common	chrY	11350001	11400000	0.0001254445037536	33887	780	6217889	220641
White	chrY	11350001	11400000	0.0001407655864447	33887	884	6279944	158586
White	chrY	11400001	11450000	0.0001277214810669	45149	1068	8361945	216365
Common	chrY	11400001	11450000	7.850067585689909e-05	45149	648	8254706	323604
White	chrY	11450001	11500000	0.0001495370603778	40727	1136	7596779	141351
Common	chrY	11450001	11500000	0.0001035840341412	40727	780	7530118	208012
White	chrY	11500001	11550000	0.0001028399245154	47255	900	8751465	226985
Common	chrY	11500001	11550000	6.467278038488331e-05	47255	564	8720825	257625
Common	chrY	11550001	11600000	9.892120925682694e-05	39657	720	7278520	256310
White	chrY	11550001	11600000	0.0002074625980101	39657	1528	7365183	169647
Common	chrY	11600001	11650000	6.455172206730643e-05	43342	516	7993590	241390
White	chrY	11600001	11650000	0.0001611889095582	43342	1300	8065071	169909
Common	chrY	11650001	11700000	6.012732882194304e-05	35743	392	6519498	271672
White	chrY	11650001	11700000	0.000109674859238	35743	728	6637802	153368
White	chrY	11700001	11750000	0.0001122285830019	41413	860	7662932	205538
Common	chrY	11700001	11750000	0.0001071120417019	41413	812	7580847	287623
Common	chrY	11750001	11800000	0.0002432681601976	33317	1484	6100264	229966
White	chrY	11750001	11800000	0.0002184748265815	33317	1336	6115121	215109
White	chrY	11800001	11850000	0.0001513290593796	36133	1016	6713846	151424
Common	chrY	11800001	11850000	9.921660970230208e-05	36133	660	6652112	213158
Common	chrY	11850001	11900000	6.917458151179607e-05	30440	384	5551172	232428
White	chrY	11850001	11900000	7.510833035433427e-05	30440	420	5591923	191677
White	chrY	11900001	11950000	9.408111430885738e-05	35278	620	6590058	112762
Common	chrY	11900001	11950000	9.759984187597944e-05	35278	636	6516404	186416
Common	chrY	11950001	12000000	8.150692808888755e-05	43547	652	7999320	274610
White	chrY	11950001	12000000	0.000103541647014	43547	832	8035414	238516
Common	chrY	12000001	12050000	4.5614984797294975e-05	39254	332	7278310	179950
White	chrY	12000001	12050000	9.917955093978824e-05	39254	720	7259561	198699
White	chrY	12050001	12100000	6.632461989321477e-05	41654	512	7719607	194653
Common	chrY	12050001	12100000	5.243572461648839e-05	41654	400	7628387	285873
White	chrY	12100001	12150000	0.0002051552696487	42936	1628	7935453	222387
Common	chrY	12100001	12150000	9.876647010028724e-05	42936	780	7897417	260423
White	chrY	12150001	12200000	0.0001215090117375	45096	1008	8295681	272559
Common	chrY	12150001	12200000	9.108095747772252e-05	45096	756	8300308	267932
Common	chrY	12200001	12250000	6.987363948780918e-05	38422	492	7041282	258898
White	chrY	12200001	12250000	0.0001347200289507	38422	956	7096198	203982
Common	chrY	12250001	12300000	0.0001072787972719	39617	776	7233489	293741
White	chrY	12250001	12300000	0.000189719338043	39617	1392	7337154	190076
White	chrY	12300001	12350000	0.0001187854790812	26883	588	4950100	157670
Common	chrY	12300001	12350000	0.0001248870278975	26883	604	4836371	271399
Common	chrY	12350001	12400000	9.976614764091872e-05	42728	784	7858377	259943
White	chrY	12350001	12400000	0.0001451703758379	42728	1136	7825288	293032
Common	chrY	12400001	12450000	9.247929678274476e-05	37094	632	6833962	213898
White	chrY	12400001	12450000	0.0001686674262477	37094	1168	6924870	122990
Common	chrY	12450001	12500000	8.258993067047973e-05	44247	664	8039721	367209
White	chrY	12450001	12500000	0.0001713917752582	44247	1412	8238435	168495
Common	chrY	12500001	12550000	9.44786092969714e-05	39662	684	7239734	296046
White	chrY	12500001	12550000	0.0001309555037922	39662	964	7361279	174501
Common	chrY	12550001	12600000	8.83163621970903e-05	33805	544	6159674	263276
White	chrY	12550001	12600000	0.0001681871456099	33805	1052	6254937	168013
White	chrY	12600001	12650000	5.329661024962585e-05	37808	372	6979806	203714
Common	chrY	12600001	12650000	5.866867418090398e-05	37808	404	6886128	297392
White	chrY	12650001	12700000	0.0001097188102013	37961	776	7072625	139965
Common	chrY	12650001	12700000	8.09918921946218e-05	37961	564	6963660	248930
White	chrY	12700001	12750000	0.0001934298179687	45494	1624	8395810	248050
Common	chrY	12700001	12750000	0.0001456007450939	45494	1220	8379078	264782
White	chrY	12750001	12800000	0.0001212695915656	32159	720	5937185	173025
Common	chrY	12750001	12800000	0.0001412543832787	32159	828	5861765	248445
White	chrY	12800001	12850000	0.0021466905187835	352	132	61490	5390
Common	chrY	12800001	12850000	0.0	352	0	60918	5962
Common	chrY	12850001	12900000	0.0	37	0	5301	1729
White	chrY	12850001	12900000	0.0	37	0	6771	259
Common	chrY	12900001	12950000	6.807681683277846e-05	38043	468	6874587	353583
White	chrY	12900001	12950000	0.0001964800092299	38043	1376	7003257	224913
Common	chrY	12950001	13000000	0.000112930653287	29470	604	5348415	250885
White	chrY	12950001	13000000	0.0002665559810701	29470	1452	5447261	152039
White	chrY	13000001	13050000	0.0001509364004047	39682	1104	7314339	225241
Common	chrY	13000001	13050000	5.09984943105833e-05	39682	372	7294333	245247
White	chrY	13050001	13100000	0.000224457996128	37122	1552	6914434	138746
Common	chrY	13050001	13100000	0.0001319426694309	37122	892	6760512	292668
Common	chrY	13100001	13150000	7.640869062355439e-05	30839	424	5549107	310303
White	chrY	13100001	13150000	0.0001630220604287	30839	920	5643408	216002
Common	chrY	13150001	13200000	9.013065593143516e-05	29686	484	5369982	270358
White	chrY	13150001	13200000	0.0001551268596063	29686	840	5414923	225417
Common	chrY	13200001	13250000	6.173581327493805e-05	36406	412	6673598	243542
White	chrY	13200001	13250000	0.0001590243678339	36406	1080	6791412	125728
White	chrY	13250001	13300000	0.0001081095306019	30409	608	5623926	153784
Common	chrY	13250001	13300000	4.116224858531851e-05	30409	228	5539056	238654
Common	chrY	13300001	13350000	0.0001407478583318	40288	1040	7389100	265620
White	chrY	13300001	13350000	6.52298979633301e-05	40288	488	7481232	173488
Common	chrY	13350001	13400000	4.677923279106135e-05	47715	412	8807327	258523
White	chrY	13350001	13400000	8.729171056093586e-05	47715	776	8889733	176117
White	chrY	13400001	13450000	0.0001058093964797	41262	804	7598569	241211
Common	chrY	13400001	13450000	0.0001125454640083	41262	852	7570274	269506
White	chrY	13450001	13500000	0.0001689619406998	43216	1356	8025476	185564
Common	chrY	13450001	13500000	5.475374692437937e-05	43216	432	7889871	321169
White	chrY	13500001	13550000	0.0001312699223509	45298	1104	8410152	196468
Common	chrY	13500001	13550000	8.589157675941877e-05	45298	716	8336091	270529
Common	chrY	13550001	13600000	3.892579230206415e-05	45370	324	8323530	296770
White	chrY	13550001	13600000	0.0001534727789537	45370	1292	8418431	201869
Common	chrY	13600001	13650000	6.322650883727626e-05	41950	484	7655017	315483
White	chrY	13600001	13650000	0.0001178639485585	41950	912	7737735	232765
Common	chrY	13650001	13700000	7.129899834371796e-05	34887	452	6339500	289030
White	chrY	13650001	13700000	0.0001871372569674	34887	1208	6455155	173375
White	chrY	13700001	13750000	9.225746132218444e-05	39390	656	7110536	373564
Common	chrY	13700001	13750000	8.63694119405712e-05	39390	624	7224780	259320
White	chrY	13750001	13800000	0.0001564017321675	31045	852	5447510	451040
Common	chrY	13750001	13800000	8.48846410712582e-05	31045	484	5701856	196694
White	chrY	13800001	13850000	0.0002137178002032	36881	1468	6868871	138519
Common	chrY	13800001	13850000	7.534019136705222e-05	36881	508	6742749	264641
Common	chrY	13850001	13900000	8.031686257235773e-05	34936	512	6374751	263089
White	chrY	13850001	13900000	0.0001334164921623	34936	864	6475961	161879
Common	chrY	13900001	13950000	9.606510469380963e-05	38490	672	6995256	317844
White	chrY	13900001	13950000	0.0001133807898077	38490	800	7055869	257231
Common	chrY	13950001	14000000	6.829821516993225e-05	24590	304	4451068	221032
White	chrY	13950001	14000000	0.0001925647581432	24590	876	4549119	122981
Common	chrY	14000001	14050000	7.754899974766044e-05	35578	508	6550697	209123
White	chrY	14000001	14050000	0.0001219048442613	35578	812	6660933	98887
White	chrY	14050001	14100000	0.0001654200302192	38652	1156	6988271	355609
Common	chrY	14050001	14100000	6.400244681920584e-05	38652	452	7062230	281650
White	chrY	14100001	14150000	8.1538665583613e-05	42013	632	7750924	231546
Common	chrY	14100001	14150000	3.8371557756907625e-05	42013	296	7714047	268423
Common	chrY	14150001	14200000	0.000102964529541	39832	752	7303486	264594
White	chrY	14150001	14200000	0.0001444566966122	39832	1072	7420909	147171
White	chrY	14200001	14250000	0.0001855584805762	43929	1508	8126818	219692
Common	chrY	14200001	14250000	0.0001311433068485	43929	1048	7991258	355252
White	chrY	14250001	14300000	0.0001703436827671	37822	1184	6950654	235526
Common	chrY	14250001	14300000	9.020417367772824e-05	37822	624	6917640	268540
White	chrY	14300001	14350000	0.0001097071808682	42507	864	7875510	200820
Common	chrY	14300001	14350000	9.683355560840768e-05	42507	752	7765903	310427
Common	chrY	14350001	14400000	5.875694032666703e-05	40642	436	7420400	301580
White	chrY	14350001	14400000	0.0001669737157315	40642	1256	7522142	199838
Common	chrY	14400001	14450000	4.930185253095769e-05	38990	356	7220824	187276
White	chrY	14400001	14450000	0.0001598783166681	38990	1164	7280537	127563
Common	chrY	14450001	14500000	8.562914380652748e-05	15331	236	2756071	156819
White	chrY	14450001	14500000	4.811131259688592e-05	15331	136	2826778	86112
Common	chrY	14500001	14550000	6.387953225595723e-05	43008	508	7952469	219051
White	chrY	14500001	14550000	0.0001479969738381	43008	1180	7973136	198384
White	chrY	14550001	14600000	0.0001163244810314	40443	876	7530659	153511
Common	chrY	14550001	14600000	0.0001440055409893	40443	1072	7444158	240012
White	chrY	14600001	14650000	0.0001579653858971	43095	1268	8027075	160975
Common	chrY	14600001	14650000	7.054977677294739e-05	43095	560	7937658	250392
Common	chrY	14650001	14700000	2.224000736391355e-05	17673	72	3237409	120461
White	chrY	14650001	14700000	0.0001918050677812	17673	632	3295012	62858
White	chrY	14700001	14750000	0.0001532680973221	7114	200	1304903	46757
Common	chrY	14700001	14750000	2.7992168413326137e-05	7114	36	1286074	65586
White	chrY	14750001	14800000	0.0002089157547219	6124	228	1091349	72211
Common	chrY	14750001	14800000	0.0001068276202812	6124	120	1123305	40255
White	chrY	14800001	14850000	0.0001092396711471	31128	632	5785444	128876
Common	chrY	14800001	14850000	0.0001607952695295	31128	916	5696685	217635
Common	chrY	14850001	14900000	0.0001074299246845	41665	816	7595649	320701
White	chrY	14850001	14900000	0.0001867105067737	41665	1452	7776745	139605
Common	chrY	14900001	14950000	3.0161752125369755e-05	44766	248	8222334	283206
White	chrY	14900001	14950000	0.0001071275446677	44766	896	8363862	141678
Common	chrY	14950001	15000000	8.979537491891323e-05	48763	812	9042782	222188
White	chrY	14950001	15000000	0.0001603487892844	48763	1464	9130097	134873
Common	chrY	15000001	15050000	5.813930249552055e-05	44778	480	8256033	251787
White	chrY	15000001	15050000	0.0001643313264734	44778	1352	8227281	280539
Common	chrY	15050001	15100000	6.863165525198135e-05	48183	612	8917168	237602
White	chrY	15050001	15100000	0.0001681577914625	48183	1516	9015342	139428
White	chrY	15100001	15150000	0.0001733333729071	45147	1460	8423075	154855
Common	chrY	15100001	15150000	0.0001513903260858	45147	1256	8296435	281495
Common	chrY	15150001	15200000	0.0001015553945775	40450	744	7326051	359449
White	chrY	15150001	15200000	0.0002593506104683	40450	1956	7541914	143586
White	chrY	15200001	15250000	0.0002026520026947	46981	1776	8763792	162598
Common	chrY	15200001	15250000	0.0001003595170616	46981	864	8609049	317341
White	chrY	15250001	15300000	0.0001744795037727	45672	1484	8505297	172383
Common	chrY	15250001	15300000	5.625462655568773e-05	45672	472	8390421	287259
White	chrY	15300001	15350000	0.0001507518412781	40454	1124	7455962	230298
Common	chrY	15300001	15350000	8.706364554025209e-05	40454	648	7442831	243429
Common	chrY	15350001	15400000	8.221465329570136e-05	41723	628	7638541	288829
White	chrY	15350001	15400000	0.0001548096454149	41723	1200	7751455	175915
White	chrY	15400001	15450000	0.0002031262529411	41559	1568	7719337	176873
Common	chrY	15400001	15450000	0.0001045608740338	41559	792	7574535	321675
Common	chrY	15450001	15500000	0.0001456535317188	32429	864	5931885	229625
White	chrY	15450001	15500000	0.0001656493587382	32429	1000	6036848	124662
Common	chrY	15500001	15550000	0.0001061193136612	40481	788	7425604	265786
White	chrY	15500001	15550000	0.0001493158277292	40481	1128	7554457	136933
Common	chrY	15550001	15600000	4.4569040799538206e-05	43021	352	7897859	276131
White	chrY	15550001	15600000	0.0001386933836022	43021	1112	8017686	156304
Common	chrY	15600001	15650000	7.002209815038687e-05	42319	544	7768976	271634
White	chrY	15600001	15650000	0.0001364094860072	42319	1072	7858691	181919
Common	chrY	15650001	15700000	8.096124643063e-05	30605	452	5582918	232032
White	chrY	15650001	15700000	0.0001079804380114	30605	616	5704737	110213
White	chrY	15700001	15750000	0.0001289064268247	36244	860	6671506	214854
Common	chrY	15700001	15750000	9.672708784663436e-05	36244	640	6616554	269806
Common	chrY	15750001	15800000	8.621732217852066e-05	46782	740	8582962	305618
White	chrY	15750001	15800000	0.0001118866111735	46782	976	8723117	165463
White	chrY	15800001	15850000	0.0001009590027959	35010	656	6497687	154213
Common	chrY	15800001	15850000	6.009130122079234e-05	35010	384	6390276	261624
White	chrY	15850001	15900000	0.0001648847337935	9155	280	1698156	41294
Common	chrY	15850001	15900000	0.0001586330096351	9155	268	1689434	50016
