FBC72_S28_L002 FBC72_S28_L002 0.327733 -0.00716151 0.277568 0.0686575 0.157273 -0.424812 -0.154154 0.025462 0.182457 -0.2376 0.214325 0.462783 0.060007 0.230334 -0.209044 0.257394 -0.0743858 -0.09219 0.0253403 -0.223702
FCB66_S37_L002 FCB66_S37_L002 0.187662 0.0372121 0.0532697 -0.0542762 0.106106 0.0375289 0.192008 -0.0370499 -0.133269 0.0337676 -0.109276 -0.260168 0.158764 0.246108 -0.0665326 -0.254052 -0.0617155 -0.750334 -0.191391 -0.223591
FCB67_S36_L002 FCB67_S36_L002 0.163902 -0.125124 -0.154542 -0.0799218 -0.0459941 0.0402243 0.142847 0.0268848 -0.0768341 0.686123 0.0478012 0.382111 0.151592 -0.253019 0.0345972 0.197524 0.292799 -0.0937001 -0.0753385 -0.223578
FCB68_S22_L002 FCB68_S22_L002 0.202732 -0.0645362 0.0127295 0.00189303 -0.0683904 0.00500577 0.00864542 0.149686 -0.0303438 0.0873251 0.176657 -0.0718614 0.0809241 -0.28516 0.0461267 -0.269585 -0.4209 -0.0247337 0.701467 -0.223551
FCB71_S29_L002 FCB71_S29_L002 0.329882 0.0814491 0.0762023 -0.0192831 0.211239 -0.0499924 0.0222258 0.0748377 0.255207 -0.0481902 -0.761129 -0.0164287 0.0316017 -0.11678 0.102761 -0.151727 0.12104 0.254832 0.0167178 -0.223657
FCB73_S27_L002 FCB73_S27_L002 0.199931 -0.0311103 -0.122137 0.0584243 -0.0177084 0.295661 -0.20539 -0.0214192 0.165628 -0.0290777 0.144375 -0.166143 -0.338189 -0.253627 -0.674172 -0.103079 0.0948099 0.0442981 -0.170049 -0.223453
FCB74_S23_L002 FCB74_S23_L002 0.15217 0.111964 -0.0855958 -0.0477392 -0.0696414 -0.113791 0.200799 -0.139813 0.126576 -0.282841 0.194476 -0.439479 -0.0229039 -0.233429 0.249856 0.462998 0.369812 -0.0905602 0.152826 -0.223442
FCB75_S33_L002 FCB75_S33_L002 0.195474 -0.0208823 -0.0673317 -0.0384239 -0.0319884 0.0543463 -0.00665792 0.0677201 0.0417916 -0.0704851 0.21657 -0.0584944 0.115646 -0.201398 0.354983 -0.000878332 -0.498636 0.206812 -0.606945 -0.223513
FCB80_S32_L002 FCB80_S32_L002 0.200491 -0.00812039 -0.212616 0.0965831 -0.230418 0.229166 0.038761 -0.298481 -0.314644 0.00152062 -0.227326 0.116284 -0.415635 0.373959 0.0883942 0.299876 -0.254501 0.0603861 0.127012 -0.223409
FCB81_S31_L002 FCB81_S31_L002 0.178871 -0.0910021 -0.172343 0.0553547 -0.149468 -0.0178813 0.034455 0.0557744 -0.0571533 -0.0912221 0.301341 0.0296971 0.0393988 0.407948 0.184145 -0.518916 0.436793 0.291265 0.00307677 -0.223456
FCL112_S16_L002 FCL112_S16_L002 -0.209524 0.143126 0.0436255 0.211964 -0.09054 0.313507 -0.0236833 -0.0182263 -0.310048 -0.481685 -0.083581 0.425489 0.188563 -0.349729 0.0495899 -0.0882542 0.15208 -0.154442 -0.00991708 -0.223687
FCL113_S14_L002 FCL113_S14_L002 -0.261639 -0.0263405 0.537739 0.154606 -0.083318 0.230407 0.501064 0.126987 0.329406 0.104402 0.0857797 0.0618195 -0.309304 0.0835316 0.071133 -0.021916 -0.0199446 0.0306126 -0.0196977 -0.223756
FCL84_S1_L002 FCL84_S1_L002 -0.348513 -0.350068 -0.304012 0.00348579 -0.497644 -0.415243 0.0311929 -0.0460153 0.286479 -0.0931606 -0.217628 0.0460897 0.00327042 -0.0564786 -0.0939673 -0.0800219 -0.0933212 -0.139703 -0.0587041 -0.223711
FCL85_S12_L002 FCL85_S12_L002 -0.307396 -0.228607 -0.332493 0.274119 0.710441 0.0187485 0.00458542 -0.243779 0.135064 0.0228447 0.0862886 0.0190143 -0.0573875 0.0258825 0.11539 -0.0245286 -0.0551952 -0.0120333 0.0726629 -0.223839
FCL86_S15_L002 FCL86_S15_L002 -0.1884 -0.116923 0.152254 -0.860523 0.148962 0.0208541 -0.0657981 -0.188814 -0.11551 -0.103502 0.0314701 0.0962899 -0.168406 -0.0265243 0.0182742 -0.0823302 0.0233549 0.0518552 0.0289527 -0.223565
FCL88_S10_L002 FCL88_S10_L002 -0.171528 -0.0652369 -0.061323 -0.100493 -0.0481323 0.401396 -0.44856 0.468426 0.237588 0.0209988 -0.0469711 -0.0952017 0.229238 0.300064 0.102289 0.282771 0.0299039 -0.0869324 0.093827 -0.223548
FCL89_S19_L002 FCL89_S19_L002 -0.149519 -0.0810968 0.0695048 0.114304 0.139984 -0.357266 -0.0396671 0.550412 -0.538465 0.0327807 -0.0616992 -0.182248 -0.309339 -0.0687257 -0.0333581 0.0808798 0.0628045 0.0605297 -0.0875296 -0.223677
FCL91_S11_L002 FCL91_S11_L002 -0.119144 0.0027141 0.456153 0.232815 -0.137611 -0.112189 -0.522198 -0.449091 -0.090164 0.269711 -0.0125985 -0.217103 0.0664213 -0.0514984 0.138781 -0.0723021 0.0767113 0.0321503 -0.0307532 -0.223696
FCL92_S20_L002 FCL92_S20_L002 -0.144092 -0.0142812 0.0590445 -0.00822917 0.0122916 0.0223292 0.316257 -0.120257 -0.208781 0.00359971 -0.0377805 -0.195477 0.563822 0.16094 -0.436655 0.171245 -0.100223 0.391036 0.0193958 -0.223584
FCL93_S18_L002 FCL93_S18_L002 -0.237738 0.853885 -0.226284 -0.0639943 -0.016332 -0.1772 -0.0267854 0.0167222 0.114548 0.1745 0.0593321 0.0623577 -0.0682219 0.0677861 -0.0426213 -0.0848173 -0.0811021 0.0211621 0.00907693 -0.223719
