MCB34_S30_L002 MCB34_S30_L002 -0.0843381 -0.124708 0.039193 -0.0226367 -0.0479653 0.247905 -0.291218 -0.438543 0.549383 0.0904083 -0.493787 -0.0507456 -0.099234 -0.0606888 -0.0731336 0.0753326 0.0368284 -0.0431867 0.0160007 -0.223548
MCB35_S39_L002 MCB35_S39_L002 -0.162716 -0.212143 0.15884 0.0234601 0.175846 -0.603216 -0.387435 -0.146246 -0.125889 -0.16536 0.00103354 0.45813 0.0802365 0.129723 -0.0938383 0.00271502 0.0305297 -0.0121439 0.00200888 -0.224089
MCB37_S24_L002 MCB37_S24_L002 -0.126968 -0.16256 0.142422 0.0321524 0.0869742 -0.180051 -0.00976879 0.0433783 -0.066911 -0.0509164 0.0882423 -0.422366 -0.137157 -0.356662 0.241362 -0.0470231 -0.0498421 -0.644812 0.161751 -0.223628
MCB42_S35_L002 MCB42_S35_L002 -0.133306 -0.157274 0.120386 0.0154416 0.085622 -0.173589 -0.0157535 0.0455814 -0.0737128 -0.0119046 0.0359637 -0.404149 -0.275863 -0.30148 0.0164276 0.0348293 0.0487683 0.695026 -0.16988 -0.223595
MCB49_S40_L002 MCB49_S40_L002 -0.625152 0.717875 -0.153235 -0.0307393 0.130623 0.00134258 0.0203084 -0.00862734 0.00321788 -0.00693992 -0.000995461 0.0263317 -0.010418 0.00224124 0.0280822 0.00660392 0.00711572 -0.00639262 -0.00150685 -0.223768
MCB50_S21_L002 MCB50_S21_L002 -0.099459 -0.117842 0.0816438 -0.00561883 0.0739736 -0.00753607 0.0378262 0.0937814 -0.0115648 -0.036791 -0.0300819 -0.527574 0.408891 0.597765 -0.309855 0.00905489 0.0381064 -0.0233049 0.0240417 -0.223298
MCB53_S26_L002 MCB53_S26_L002 -0.129467 -0.165374 0.0975468 0.00135477 0.0366211 0.316527 -0.024499 0.0167951 -0.136394 0.00280772 0.0339342 0.135214 -0.0108263 0.0762754 0.072878 -0.280452 -0.770003 0.0134852 -0.270866 -0.22262
MCB55_S38_L002 MCB55_S38_L002 -0.123793 -0.162699 0.118337 0.0143277 0.0520583 0.418588 -0.0343084 -0.0274873 -0.264084 0.0818719 0.123831 0.172808 0.00945675 -0.0311611 -0.00716882 -0.190763 0.218681 0.16678 0.692042 -0.224576
MCB56_S25_L002 MCB56_S25_L002 -0.147408 -0.218552 0.126514 0.0287067 0.0954367 -0.137599 0.759045 0.123779 0.394795 0.0711906 -0.0115966 0.282812 -0.00558439 0.00291349 -0.0171522 0.0220429 0.0448689 -0.00299204 0.0123006 -0.223882
MCB58_S34_L002 MCB58_S34_L002 -0.0810242 -0.152457 0.0890226 -0.0331268 0.0900341 0.390052 -0.0359399 0.0380558 -0.265178 0.0677516 0.116063 0.153957 0.064668 -0.0508103 0.0367689 0.411545 0.396414 -0.17024 -0.522235 -0.22307
MCL13_S4_L002 MCL13_S4_L002 0.241185 0.128044 -0.000568721 -0.194113 0.0158196 0.0131769 0.0186366 -0.148598 0.104048 -0.12574 0.144372 -0.00558791 0.0978992 -0.0528668 0.0342133 -0.737772 0.352284 -0.0264231 -0.290941 -0.223794
MCL14_S3_L002 MCL14_S3_L002 0.252498 0.161371 -0.0226801 -0.174495 0.00438649 -0.000441455 0.0492512 -0.175014 0.0319428 -0.0455158 0.298089 0.0140652 0.208066 -0.415247 -0.617299 0.220618 -0.224374 -0.029469 0.0849659 -0.223911
MCL17_S13_L002 MCL17_S13_L002 -0.132365 -6.07512e-05 0.0663177 -0.0194662 -0.945869 -0.121164 0.0238232 0.0342957 -0.103989 0.049029 0.00609086 0.0357155 0.0135727 0.0124352 -0.00629599 0.00387433 0.0322479 -0.0105194 -0.0220155 -0.22372
MCL18_S5_L002 MCL18_S5_L002 0.26265 0.140139 0.00387517 -0.189252 0.107222 -0.1999 -0.0293958 0.0849395 -0.162896 0.834099 -0.18059 0.0131999 -0.0372286 0.06268 0.0514206 -0.0220442 -0.0418335 -0.0239721 0.0102806 -0.223808
MCL20_S6_L002 MCL20_S6_L002 -0.0308662 -0.295473 -0.924517 0.0106951 0.00269452 -0.0475859 0.0132836 0.00141878 -0.0471627 -0.0131176 0.0207062 0.000258901 -0.0216277 0.00236634 0.0229056 -0.00443858 0.00319114 -0.00650265 0.0192411 -0.22401
MCL25_S8_L002 MCL25_S8_L002 0.134898 0.0694242 0.00296365 0.131794 -0.0081065 0.0801968 -0.385183 0.729663 0.432293 -0.0339859 0.147777 0.0956535 -0.0061531 -0.0318187 0.00449226 0.0185096 0.0110482 0.0162429 0.0418658 -0.223073
MCL28_S9_L002 MCL28_S9_L002 0.246879 0.127702 0.0276121 -0.161291 0.00369146 0.0266286 0.0528945 -0.117292 0.00178655 -0.190728 0.21741 -0.00448597 -0.714755 0.444224 -0.0492754 0.154413 -0.0171706 -0.0794259 0.0637685 -0.223312
MCL30_S7_L002 MCL30_S7_L002 0.254013 0.131924 0.00930949 -0.181337 0.0380075 0.0176249 0.14484 0.25524 -0.295794 -0.421115 -0.67614 0.0569147 0.0452893 -0.108868 0.0223927 0.0531989 -0.0160114 0.00947299 0.0656525 -0.223819
MCL31_S17_L002 MCL31_S17_L002 0.257769 0.18798 0.000135885 0.891436 0.00891854 -0.00673511 0.0842216 -0.172479 -0.105875 0.0165086 -0.0498614 -0.00271077 0.00528757 0.0101312 -0.0128368 -0.0193828 0.0110852 -0.00239911 -0.0408893 -0.223933
MCL7_S2_L002 MCL7_S2_L002 0.22789 0.104767 0.0185141 -0.138553 -0.00607094 -0.0317713 0.00802117 -0.231281 0.144033 -0.112495 0.211096 -0.0292967 0.386233 0.071179 0.659516 0.291506 -0.115842 0.18058 0.119739 -0.222672
